# x y z bx by bz
 0 0 9.46239 0 0 -3.15722
 0 0 9.47239 0 0 -3.15928
 0 0 9.48239 0 0 -3.16095
 0 0 9.49239 0 0 -3.16243
 0 0 9.50239 0 0 -3.16383
 0 0 9.51239 8.01515e-20 0 -3.16521
 0 0 9.52239 7.87227e-20 0 -3.16677
 0 0 9.53239 7.72938e-20 0 -3.16853
 0 0 9.54239 -7.28081e-20 0 -3.17063
 0 0 9.55239 -6.82883e-20 0 -3.17288
 0 0 9.56239 0 0 -3.17542
 0 0 9.57239 0 0 -3.17862
 0 0 9.58239 0 0 -3.18204
 0 0 9.59239 0 0 -3.18573
 0 0 9.60239 0 0 -3.18957
 0 0 9.61239 0 0 -3.1935
 0 0 9.62239 0 0 -3.19759
 0 0 9.63239 0 0 -3.20165
 0 0 9.64239 0 0 -3.20564
 0 0 9.65239 0 0 -3.20912
 0 0 9.66239 0 0 -3.21257
 0 0 9.67239 0 0 -3.21573
 0 0 9.68239 0 0 -3.21797
 0 0 9.69239 0 0 -3.22019
 0 0 9.70239 0 0 -3.22147
 0 0 9.71239 0 0 -3.22177
 0 0 9.72239 0 0 -3.22204
 0 0 9.73239 0 0 -3.22061
 0 0 9.74239 0 0 -3.2185
 0 0 9.75239 0 0 -3.2163
 0 0 9.76239 2.30656e-19 0 -3.2117
 0 0 9.77239 2.39821e-19 0 -3.20642
 0 0 9.78239 0 0 -3.2004
 0 0 9.79239 0 0 -3.19324
 0 0 9.80239 0 0 -3.18509
 0 0 9.81239 0 0 -3.17458
 0 0 9.82239 0 0 -3.16267
 0 0 9.83239 0 0 -3.15113
 0 0 9.84239 -7.35344e-19 0 -3.13714
 0 0 9.85239 -7.09594e-19 0 -3.12175
 0 0 9.86239 -6.83844e-19 0 -3.10585
 0 0 9.87239 0 0 -3.08862
 0 0 9.88239 0 0 -3.07022
 0 0 9.89239 0 0 -3.05019
 0 0 9.90239 0 0 -3.0279
 0 0 9.91239 0 0 -3.00502
 0 0 9.92239 0 0 -2.98122
 0 0 9.93239 0 0 -2.95623
 0 0 9.94239 0 0 -2.93035
 0 0 9.95239 0 0 -2.90243
 0 0 9.96239 0 0 -2.87396
 0 0 9.97239 0 0 -2.84547
 0 0 9.98239 4.90002e-18 0 -2.8139
 0 0 9.99239 4.53087e-18 0 -2.78318
 0 0 10.0024 0 0 -2.75219
 0 0 10.0124 0 0 -2.71776
 0 0 10.0224 0 0 -2.68322
 0 0 10.0324 0 0 -2.64857
 0 0 10.0424 0 0 -2.61381
 0 0 10.0524 0 0 -2.57894
 0 0 10.0624 0 0 -2.54396
 0.01 0 9.46239 0.000665353 0 -3.15744
 0.01 0 9.47239 0.000810275 0 -3.15939
 0.01 0 9.48239 0.000885523 0 -3.16104
 0.01 0 9.49239 0.000909458 0 -3.1626
 0.01 0 9.50239 0.000653697 0 -3.16388
 0.01 0 9.51239 0.000761655 0 -3.1652
 0.01 0 9.52239 0.000983613 0 -3.16669
 0.01 0 9.53239 0.000965917 0 -3.16846
 0.01 0 9.54239 0.000915709 0 -3.17048
 0.01 0 9.55239 0.00107186 0 -3.1728
 0.01 0 9.56239 0.00155424 0 -3.1755
 0.01 0 9.57239 0.0016948 0 -3.17867
 0.01 0 9.58239 0.0018255 0 -3.18202
 0.01 0 9.59239 0.00184335 0 -3.18562
 0.01 0 9.60239 0.00188758 0 -3.18947
 0.01 0 9.61239 0.00203251 0 -3.19351
 0.01 0 9.62239 0.00204374 0 -3.19757
 0.01 0 9.63239 0.00199815 0 -3.20158
 0.01 0 9.64239 0.00195663 0 -3.20561
 0.01 0 9.65239 0.00161531 0 -3.20934
 0.01 0 9.66239 0.00186751 0 -3.21279
 0.01 0 9.67239 0.00127383 0 -3.21582
 0.01 0 9.68239 0.00118061 0 -3.21831
 0.01 0 9.69239 0.00134364 0 -3.22049
 0.01 0 9.70239 -3.36291e-05 0 -3.22183
 0.01 0 9.71239 0.000204505 0 -3.22225
 0.01 0 9.72239 -0.000114503 0 -3.22216
 0.01 0 9.73239 -0.0012502 0 -3.22115
 0.01 0 9.74239 -0.00068115 0 -3.21912
 0.01 0 9.75239 -0.00187906 0 -3.21609
 0.01 0 9.76239 -0.00238534 0 -3.21196
 0.01 0 9.77239 -0.00320181 0 -3.20703
 0.01 0 9.78239 -0.00339435 0 -3.20064
 0.01 0 9.79239 -0.00359077 0 -3.19295
 0.01 0 9.80239 -0.00319563 0 -3.18507
 0.01 0 9.81239 -0.00676541 0 -3.17529
 0.01 0 9.82239 -0.00624788 0 -3.16333
 0.01 0 9.83239 -0.00571635 0 -3.15137
 0.01 0 9.84239 -0.00809043 0 -3.1378
 0.01 0 9.85239 -0.00857418 0 -3.12255
 0.01 0 9.86239 -0.00833265 0 -3.10609
 0.01 0 9.87239 -0.00835659 0 -3.08844
 0.01 0 9.88239 -0.00926204 0 -3.06973
 0.01 0 9.89239 -0.0105617 0 -3.04981
 0.01 0 9.90239 -0.0122046 0 -3.02843
 0.01 0 9.91239 -0.0120253 0 -3.00537
 0.01 0 9.92239 -0.011856 0 -2.98152
 0.01 0 9.93239 -0.011696 0 -2.95667
 0.01 0 9.94239 -0.0135098 0 -2.93022
 0.01 0 9.95239 -0.0137855 0 -2.90263
 0.01 0 9.96239 -0.0131484 0 -2.87463
 0.01 0 9.97239 -0.0152043 0 -2.84531
 0.01 0 9.98239 -0.0153148 0 -2.8143
 0.01 0 9.99239 -0.0141719 0 -2.78366
 0.01 0 10.0024 -0.016172 0 -2.75222
 0.01 0 10.0124 -0.0180949 0 -2.71847
 0.01 0 10.0224 -0.0179901 0 -2.68383
 0.01 0 10.0324 -0.0178852 0 -2.64907
 0.01 0 10.0424 -0.0177804 0 -2.6142
 0.01 0 10.0524 -0.0176755 0 -2.57923
 0.01 0 10.0624 -0.0175706 0 -2.54414
 0.02 0 9.46239 0.00212152 0 -3.15764
 0.02 0 9.47239 0.00157876 0 -3.15987
 0.02 0 9.48239 0.00168499 0 -3.1615
 0.02 0 9.49239 0.00144849 0 -3.16263
 0.02 0 9.50239 0.00122943 0 -3.16382
 0.02 0 9.51239 0.00129975 0 -3.1651
 0.02 0 9.52239 0.00160492 0 -3.16651
 0.02 0 9.53239 0.00189584 0 -3.16806
 0.02 0 9.54239 0.0021241 0 -3.17018
 0.02 0 9.55239 0.00252993 0 -3.17266
 0.02 0 9.56239 0.00301975 0 -3.17528
 0.02 0 9.57239 0.00317795 0 -3.17837
 0.02 0 9.58239 0.00339033 0 -3.18168
 0.02 0 9.59239 0.0038654 0 -3.18543
 0.02 0 9.60239 0.00397325 0 -3.18946
 0.02 0 9.61239 0.00409135 0 -3.19349
 0.02 0 9.62239 0.00407802 0 -3.19756
 0.02 0 9.63239 0.00403768 0 -3.20169
 0.02 0 9.64239 0.00393633 0 -3.20572
 0.02 0 9.65239 0.0035544 0 -3.20952
 0.02 0 9.66239 0.00332601 0 -3.21306
 0.02 0 9.67239 0.00277635 0 -3.21606
 0.02 0 9.68239 0.00222886 0 -3.21897
 0.02 0 9.69239 0.00179465 0 -3.22065
 0.02 0 9.70239 0.000881845 0 -3.22209
 0.02 0 9.71239 0.000454682 0 -3.2232
 0.02 0 9.72239 -0.000560814 0 -3.22246
 0.02 0 9.73239 -0.00144364 0 -3.22181
 0.02 0 9.74239 -0.00256184 0 -3.21985
 0.02 0 9.75239 -0.00373172 0 -3.2168
 0.02 0 9.76239 -0.00413372 0 -3.21298
 0.02 0 9.77239 -0.00519461 0 -3.20804
 0.02 0 9.78239 -0.00765994 0 -3.20172
 0.02 0 9.79239 -0.00732946 0 -3.19416
 0.02 0 9.80239 -0.00847859 0 -3.18536
 0.02 0 9.81239 -0.0112936 0 -3.17555
 0.02 0 9.82239 -0.0124518 0 -3.16486
 0.02 0 9.83239 -0.0124648 0 -3.15203
 0.02 0 9.84239 -0.0143518 0 -3.13812
 0.02 0 9.85239 -0.0159463 0 -3.12393
 0.02 0 9.86239 -0.0168587 0 -3.10771
 0.02 0 9.87239 -0.0182344 0 -3.08949
 0.02 0 9.88239 -0.0193457 0 -3.07057
 0.02 0 9.89239 -0.0206783 0 -3.05035
 0.02 0 9.90239 -0.0223521 0 -3.02895
 0.02 0 9.91239 -0.0239322 0 -3.007
 0.02 0 9.92239 -0.0241102 0 -2.98301
 0.02 0 9.93239 -0.0255704 0 -2.95722
 0.02 0 9.94239 -0.0272655 0 -2.93094
 0.02 0 9.95239 -0.0273194 0 -2.90378
 0.02 0 9.96239 -0.0275586 0 -2.87545
 0.02 0 9.97239 -0.030359 0 -2.84569
 0.02 0 9.98239 -0.0309162 0 -2.81518
 0.02 0 9.99239 -0.0286303 0 -2.78463
 0.02 0 10.0024 -0.0316936 0 -2.75219
 0.02 0 10.0124 -0.03579 0 -2.7193
 0.02 0 10.0224 -0.0359889 0 -2.68471
 0.02 0 10.0324 -0.0357792 0 -2.64984
 0.02 0 10.0424 -0.0355695 0 -2.61487
 0.02 0 10.0524 -0.0353597 0 -2.57979
 0.02 0 10.0624 -0.03515 0 -2.54459
 0.03 0 9.46239 0.00345086 0 -3.15835
 0.03 0 9.47239 0.00286576 0 -3.16053
 0.03 0 9.48239 0.00208033 0 -3.16152
 0.03 0 9.49239 0.00196926 0 -3.16252
 0.03 0 9.50239 0.00181569 0 -3.16367
 0.03 0 9.51239 0.00186467 0 -3.1649
 0.03 0 9.52239 0.00216202 0 -3.16627
 0.03 0 9.53239 0.00271962 0 -3.16784
 0.03 0 9.54239 0.00327907 0 -3.16983
 0.03 0 9.55239 0.00385636 0 -3.17219
 0.03 0 9.56239 0.00442998 0 -3.17475
 0.03 0 9.57239 0.00474001 0 -3.17785
 0.03 0 9.58239 0.00531255 0 -3.18146
 0.03 0 9.59239 0.00591269 0 -3.18518
 0.03 0 9.60239 0.00598302 0 -3.18919
 0.03 0 9.61239 0.00620438 0 -3.19335
 0.03 0 9.62239 0.00622685 0 -3.19767
 0.03 0 9.63239 0.00608983 0 -3.20196
 0.03 0 9.64239 0.00594542 0 -3.20599
 0.03 0 9.65239 0.00548893 0 -3.20985
 0.03 0 9.66239 0.00499319 0 -3.2135
 0.03 0 9.67239 0.00459813 0 -3.21672
 0.03 0 9.68239 0.00353405 0 -3.21958
 0.03 0 9.69239 0.0024781 0 -3.22153
 0.03 0 9.70239 0.00194685 0 -3.22307
 0.03 0 9.71239 0.000327678 0 -3.22403
 0.03 0 9.72239 -0.00126359 0 -3.2238
 0.03 0 9.73239 -0.00190992 0 -3.22289
 0.03 0 9.74239 -0.00362426 0 -3.22088
 0.03 0 9.75239 -0.00525465 0 -3.21825
 0.03 0 9.76239 -0.00675332 0 -3.21421
 0.03 0 9.77239 -0.00854072 0 -3.20885
 0.03 0 9.78239 -0.0107411 0 -3.20314
 0.03 0 9.79239 -0.0114854 0 -3.19625
 0.03 0 9.80239 -0.0136287 0 -3.18641
 0.03 0 9.81239 -0.015689 0 -3.17656
 0.03 0 9.82239 -0.0176663 0 -3.16672
 0.03 0 9.83239 -0.0197212 0 -3.15374
 0.03 0 9.84239 -0.0214497 0 -3.13962
 0.03 0 9.85239 -0.0229338 0 -3.12515
 0.03 0 9.86239 -0.0257589 0 -3.10912
 0.03 0 9.87239 -0.0284275 0 -3.09168
 0.03 0 9.88239 -0.0294549 0 -3.07258
 0.03 0 9.89239 -0.0308125 0 -3.05206
 0.03 0 9.90239 -0.0323841 0 -3.03057
 0.03 0 9.91239 -0.0348613 0 -3.0081
 0.03 0 9.92239 -0.0370832 0 -2.984
 0.03 0 9.93239 -0.0390476 0 -2.95868
 0.03 0 9.94239 -0.0406933 0 -2.93264
 0.03 0 9.95239 -0.0409221 0 -2.90569
 0.03 0 9.96239 -0.0430795 0 -2.87628
 0.03 0 9.97239 -0.045422 0 -2.84662
 0.03 0 9.98239 -0.0468041 0 -2.81654
 0.03 0 9.99239 -0.0445751 0 -2.78556
 0.03 0 10.0024 -0.0478055 0 -2.75256
 0.03 0 10.0124 -0.0512791 0 -2.71946
 0.03 0 10.0224 -0.0539965 0 -2.68587
 0.03 0 10.0324 -0.0536819 0 -2.6509
 0.03 0 10.0424 -0.0533673 0 -2.61581
 0.03 0 10.0524 -0.0530527 0 -2.58062
 0.03 0 10.0624 -0.0531442 0 -2.545
 0.04 0 9.46239 0.00437776 0 -3.15961
 0.04 0 9.47239 0.0032266 0 -3.16094
 0.04 0 9.48239 0.00219181 0 -3.16194
 0.04 0 9.49239 0.00225636 0 -3.16277
 0.04 0 9.50239 0.00230974 0 -3.16364
 0.04 0 9.51239 0.00252795 0 -3.16453
 0.04 0 9.52239 0.00304004 0 -3.1658
 0.04 0 9.53239 0.00363893 0 -3.16729
 0.04 0 9.54239 0.00423632 0 -3.16912
 0.04 0 9.55239 0.00477806 0 -3.17137
 0.04 0 9.56239 0.00577567 0 -3.17409
 0.04 0 9.57239 0.00669077 0 -3.17742
 0.04 0 9.58239 0.00723521 0 -3.18107
 0.04 0 9.59239 0.00783744 0 -3.18474
 0.04 0 9.60239 0.00812232 0 -3.18893
 0.04 0 9.61239 0.00844677 0 -3.19325
 0.04 0 9.62239 0.00846447 0 -3.19755
 0.04 0 9.63239 0.00835654 0 -3.20194
 0.04 0 9.64239 0.00801939 0 -3.20646
 0.04 0 9.65239 0.00727785 0 -3.21063
 0.04 0 9.66239 0.00673951 0 -3.21432
 0.04 0 9.67239 0.00620597 0 -3.21761
 0.04 0 9.68239 0.00479352 0 -3.22038
 0.04 0 9.69239 0.00320463 0 -3.22301
 0.04 0 9.70239 0.0028438 0 -3.22454
 0.04 0 9.71239 0.000696372 0 -3.225
 0.04 0 9.72239 -0.00136059 0 -3.22556
 0.04 0 9.73239 -0.00249671 0 -3.22485
 0.04 0 9.74239 -0.00456993 0 -3.22267
 0.04 0 9.75239 -0.00700101 0 -3.21974
 0.04 0 9.76239 -0.00897223 0 -3.21581
 0.04 0 9.77239 -0.010645 0 -3.21078
 0.04 0 9.78239 -0.0126541 0 -3.20543
 0.04 0 9.79239 -0.017324 0 -3.1986
 0.04 0 9.80239 -0.0189321 0 -3.18888
 0.04 0 9.81239 -0.0203539 0 -3.17906
 0.04 0 9.82239 -0.0226572 0 -3.16872
 0.04 0 9.83239 -0.0276051 0 -3.15672
 0.04 0 9.84239 -0.029302 0 -3.14244
 0.04 0 9.85239 -0.0303725 0 -3.12755
 0.04 0 9.86239 -0.0336006 0 -3.11082
 0.04 0 9.87239 -0.0366322 0 -3.09348
 0.04 0 9.88239 -0.0393941 0 -3.07558
 0.04 0 9.89239 -0.0416421 0 -3.05468
 0.04 0 9.90239 -0.0442664 0 -3.03262
 0.04 0 9.91239 -0.0469051 0 -3.00994
 0.04 0 9.92239 -0.0490604 0 -2.98586
 0.04 0 9.93239 -0.0509673 0 -2.96073
 0.04 0 9.94239 -0.0530264 0 -2.93502
 0.04 0 9.95239 -0.0564057 0 -2.90702
 0.04 0 9.96239 -0.0585082 0 -2.87766
 0.04 0 9.97239 -0.0603934 0 -2.84811
 0.04 0 9.98239 -0.0624632 0 -2.81832
 0.04 0 9.99239 -0.0618999 0 -2.78653
 0.04 0 10.0024 -0.0645075 0 -2.75333
 0.04 0 10.0124 -0.0673585 0 -2.72003
 0.04 0 10.0224 -0.0704528 0 -2.68663
 0.04 0 10.0324 -0.0715933 0 -2.65222
 0.04 0 10.0424 -0.0711738 0 -2.61704
 0.04 0 10.0524 -0.0707544 0 -2.58174
 0.04 0 10.0624 -0.0713135 0 -2.54554
 0.05 0 9.46239 0.00473564 0 -3.1607
 0.05 0 9.47239 0.00350283 0 -3.16148
 0.05 0 9.48239 0.00229771 0 -3.16245
 0.05 0 9.49239 0.00246635 0 -3.16324
 0.05 0 9.50239 0.00248096 0 -3.16367
 0.05 0 9.51239 0.00260683 0 -3.16414
 0.05 0 9.52239 0.00351474 0 -3.16511
 0.05 0 9.53239 0.00449492 0 -3.16635
 0.05 0 9.54239 0.00518359 0 -3.16804
 0.05 0 9.55239 0.00616461 0 -3.17057
 0.05 0 9.56239 0.00742959 0 -3.1734
 0.05 0 9.57239 0.00852617 0 -3.17651
 0.05 0 9.58239 0.00897974 0 -3.18012
 0.05 0 9.59239 0.00998045 0 -3.18416
 0.05 0 9.60239 0.0105206 0 -3.1886
 0.05 0 9.61239 0.010631 0 -3.19303
 0.05 0 9.62239 0.0108372 0 -3.19757
 0.05 0 9.63239 0.010871 0 -3.20217
 0.05 0 9.64239 0.0104693 0 -3.20677
 0.05 0 9.65239 0.00974004 0 -3.2111
 0.05 0 9.66239 0.00877668 0 -3.21521
 0.05 0 9.67239 0.00760836 0 -3.21859
 0.05 0 9.68239 0.00634322 0 -3.22159
 0.05 0 9.69239 0.00481296 0 -3.22449
 0.05 0 9.70239 0.00279647 0 -3.226
 0.05 0 9.71239 0.0010849 0 -3.22658
 0.05 0 9.72239 -0.000534388 0 -3.22725
 0.05 0 9.73239 -0.0034459 0 -3.22711
 0.05 0 9.74239 -0.00672533 0 -3.22522
 0.05 0 9.75239 -0.00908466 0 -3.22226
 0.05 0 9.76239 -0.0110068 0 -3.21851
 0.05 0 9.77239 -0.0123752 0 -3.21386
 0.05 0 9.78239 -0.0158914 0 -3.20774
 0.05 0 9.79239 -0.0208619 0 -3.20062
 0.05 0 9.80239 -0.0242982 0 -3.19241
 0.05 0 9.81239 -0.0250443 0 -3.18248
 0.05 0 9.82239 -0.0285162 0 -3.17106
 0.05 0 9.83239 -0.0330124 0 -3.15879
 0.05 0 9.84239 -0.0372336 0 -3.14633
 0.05 0 9.85239 -0.0385406 0 -3.13075
 0.05 0 9.86239 -0.0416839 0 -3.1137
 0.05 0 9.87239 -0.0451999 0 -3.09606
 0.05 0 9.88239 -0.0485677 0 -3.07783
 0.05 0 9.89239 -0.0527147 0 -3.05744
 0.05 0 9.90239 -0.0562716 0 -3.03585
 0.05 0 9.91239 -0.0588819 0 -3.01303
 0.05 0 9.92239 -0.0609692 0 -2.98899
 0.05 0 9.93239 -0.063337 0 -2.96371
 0.05 0 9.94239 -0.0673999 0 -2.93694
 0.05 0 9.95239 -0.0708723 0 -2.90923
 0.05 0 9.96239 -0.072784 0 -2.88013
 0.05 0 9.97239 -0.0747211 0 -2.85066
 0.05 0 9.98239 -0.0766837 0 -2.82081
 0.05 0 9.99239 -0.0797847 0 -2.78791
 0.05 0 10.0024 -0.0817998 0 -2.75449
 0.05 0 10.0124 -0.0840281 0 -2.72099
 0.05 0 10.0224 -0.0864997 0 -2.68739
 0.05 0 10.0324 -0.0892146 0 -2.6537
 0.05 0 10.0424 -0.0889891 0 -2.61853
 0.05 0 10.0524 -0.088744 0 -2.58291
 0.05 0 10.0624 -0.0895891 0 -2.54626
 0.06 0 9.46239 0.00470781 0 -3.16213
 0.06 0 9.47239 0.00366574 0 -3.16263
 0.06 0 9.48239 0.00259307 0 -3.16304
 0.06 0 9.49239 0.00243878 0 -3.16305
 0.06 0 9.50239 0.00249336 0 -3.1631
 0.06 0 9.51239 0.0026369 0 -3.16343
 0.06 0 9.52239 0.00359519 0 -3.16425
 0.06 0 9.53239 0.00462574 0 -3.16535
 0.06 0 9.54239 0.00644124 0 -3.16696
 0.06 0 9.55239 0.00766764 0 -3.16958
 0.06 0 9.56239 0.0090017 0 -3.17236
 0.06 0 9.57239 0.0103047 0 -3.17521
 0.06 0 9.58239 0.0110971 0 -3.17917
 0.06 0 9.59239 0.0123174 0 -3.18365
 0.06 0 9.60239 0.0130064 0 -3.18817
 0.06 0 9.61239 0.0130879 0 -3.19293
 0.06 0 9.62239 0.0133388 0 -3.1978
 0.06 0 9.63239 0.013419 0 -3.20257
 0.06 0 9.64239 0.0129803 0 -3.20725
 0.06 0 9.65239 0.0121174 0 -3.21177
 0.06 0 9.66239 0.0108515 0 -3.21616
 0.06 0 9.67239 0.00958066 0 -3.22007
 0.06 0 9.68239 0.00852393 0 -3.22338
 0.06 0 9.69239 0.00647763 0 -3.22624
 0.06 0 9.70239 0.00303837 0 -3.22849
 0.06 0 9.71239 0.00145282 0 -3.22928
 0.06 0 9.72239 0.000250174 0 -3.22992
 0.06 0 9.73239 -0.00350935 0 -3.229
 0.06 0 9.74239 -0.00749092 0 -3.22773
 0.06 0 9.75239 -0.0110618 0 -3.22595
 0.06 0 9.76239 -0.0129775 0 -3.2223
 0.06 0 9.77239 -0.0153259 0 -3.21704
 0.06 0 9.78239 -0.0197221 0 -3.21014
 0.06 0 9.79239 -0.0241589 0 -3.20316
 0.06 0 9.80239 -0.0286362 0 -3.19607
 0.06 0 9.81239 -0.0302585 0 -3.18641
 0.06 0 9.82239 -0.034578 0 -3.17409
 0.06 0 9.83239 -0.0386224 0 -3.16156
 0.06 0 9.84239 -0.0425757 0 -3.149
 0.06 0 9.85239 -0.0477991 0 -3.13511
 0.06 0 9.86239 -0.05149 0 -3.11775
 0.06 0 9.87239 -0.0549458 0 -3.0998
 0.06 0 9.88239 -0.058213 0 -3.0812
 0.06 0 9.89239 -0.062448 0 -3.06053
 0.06 0 9.90239 -0.0665837 0 -3.03921
 0.06 0 9.91239 -0.07062 0 -3.01726
 0.06 0 9.92239 -0.0737441 0 -2.99269
 0.06 0 9.93239 -0.0775554 0 -2.9665
 0.06 0 9.94239 -0.0815442 0 -2.93983
 0.06 0 9.95239 -0.0851319 0 -2.91238
 0.06 0 9.96239 -0.0868529 0 -2.88353
 0.06 0 9.97239 -0.0886077 0 -2.85431
 0.06 0 9.98239 -0.0935817 0 -2.8228
 0.06 0 9.99239 -0.0970948 0 -2.79021
 0.06 0 10.0024 -0.0990945 0 -2.75663
 0.06 0 10.0124 -0.101106 0 -2.72279
 0.06 0 10.0224 -0.103129 0 -2.68867
 0.06 0 10.0324 -0.105229 0 -2.65465
 0.06 0 10.0424 -0.106813 0 -2.62031
 0.06 0 10.0524 -0.107149 0 -2.58401
 0.06 0 10.0624 -0.107971 0 -2.54715
 0.07 0 9.46239 0.0046508 0 -3.16434
 0.07 0 9.47239 0.0035974 0 -3.16474
 0.07 0 9.48239 0.00161806 0 -3.16374
 0.07 0 9.49239 0.00163939 0 -3.1629
 0.07 0 9.50239 0.00234117 0 -3.16232
 0.07 0 9.51239 0.00275903 0 -3.16241
 0.07 0 9.52239 0.00382091 0 -3.16306
 0.07 0 9.53239 0.00553909 0 -3.16409
 0.07 0 9.54239 0.00742376 0 -3.1655
 0.07 0 9.55239 0.0086985 0 -3.16776
 0.07 0 9.56239 0.00998964 0 -3.17037
 0.07 0 9.57239 0.0120312 0 -3.17371
 0.07 0 9.58239 0.0137385 0 -3.17824
 0.07 0 9.59239 0.0148195 0 -3.18291
 0.07 0 9.60239 0.0155971 0 -3.18772
 0.07 0 9.61239 0.015792 0 -3.19298
 0.07 0 9.62239 0.0159131 0 -3.19814
 0.07 0 9.63239 0.0159949 0 -3.20313
 0.07 0 9.64239 0.0153478 0 -3.20813
 0.07 0 9.65239 0.0143506 0 -3.21296
 0.07 0 9.66239 0.0130761 0 -3.21759
 0.07 0 9.67239 0.0115617 0 -3.22198
 0.07 0 9.68239 0.0105023 0 -3.22548
 0.07 0 9.69239 0.00762478 0 -3.22802
 0.07 0 9.70239 0.00448967 0 -3.23053
 0.07 0 9.71239 0.00166706 0 -3.2326
 0.07 0 9.72239 -5.84865e-05 0 -3.23269
 0.07 0 9.73239 -0.00383778 0 -3.23148
 0.07 0 9.74239 -0.00754346 0 -3.23011
 0.07 0 9.75239 -0.0111755 0 -3.22856
 0.07 0 9.76239 -0.0154892 0 -3.2268
 0.07 0 9.77239 -0.0194862 0 -3.22028
 0.07 0 9.78239 -0.0233396 0 -3.21355
 0.07 0 9.79239 -0.0272283 0 -3.2067
 0.07 0 9.80239 -0.0311523 0 -3.19973
 0.07 0 9.81239 -0.0374276 0 -3.19111
 0.07 0 9.82239 -0.0415216 0 -3.17878
 0.07 0 9.83239 -0.0453372 0 -3.16617
 0.07 0 9.84239 -0.0488744 0 -3.15328
 0.07 0 9.85239 -0.0546953 0 -3.13848
 0.07 0 9.86239 -0.0610253 0 -3.12267
 0.07 0 9.87239 -0.0648032 0 -3.10474
 0.07 0 9.88239 -0.0681042 0 -3.08565
 0.07 0 9.89239 -0.0723266 0 -3.06486
 0.07 0 9.90239 -0.0766397 0 -3.04335
 0.07 0 9.91239 -0.082046 0 -3.02069
 0.07 0 9.92239 -0.0869178 0 -2.99607
 0.07 0 9.93239 -0.0915446 0 -2.97025
 0.07 0 9.94239 -0.0954592 0 -2.94367
 0.07 0 9.95239 -0.0991847 0 -2.91646
 0.07 0 9.96239 -0.100731 0 -2.88786
 0.07 0 9.97239 -0.105367 0 -2.85678
 0.07 0 9.98239 -0.110226 0 -2.8254
 0.07 0 9.99239 -0.114161 0 -2.79315
 0.07 0 10.0024 -0.116036 0 -2.75961
 0.07 0 10.0124 -0.117922 0 -2.72579
 0.07 0 10.0224 -0.119821 0 -2.69171
 0.07 0 10.0324 -0.121732 0 -2.65735
 0.07 0 10.0424 -0.124507 0 -2.62198
 0.07 0 10.0524 -0.125852 0 -2.58497
 0.07 0 10.0624 -0.126684 0 -2.54793
 0.08 0 9.46239 0.00409347 0 -3.16618
 0.08 0 9.47239 0.00233394 0 -3.16501
 0.08 0 9.48239 0.000475141 0 -3.16404
 0.08 0 9.49239 0.000394988 0 -3.16311
 0.08 0 9.50239 0.00129665 0 -3.16239
 0.08 0 9.51239 0.00221261 0 -3.1615
 0.08 0 9.52239 0.00416228 0 -3.16147
 0.08 0 9.53239 0.00628134 0 -3.16223
 0.08 0 9.54239 0.00820795 0 -3.16346
 0.08 0 9.55239 0.00961438 0 -3.16537
 0.08 0 9.56239 0.0116273 0 -3.16837
 0.08 0 9.57239 0.0143518 0 -3.17227
 0.08 0 9.58239 0.0166468 0 -3.17674
 0.08 0 9.59239 0.0177317 0 -3.18159
 0.08 0 9.60239 0.0184199 0 -3.18669
 0.08 0 9.61239 0.0187427 0 -3.19203
 0.08 0 9.62239 0.0189918 0 -3.19727
 0.08 0 9.63239 0.0192759 0 -3.20328
 0.08 0 9.64239 0.0186391 0 -3.20897
 0.08 0 9.65239 0.0173749 0 -3.21424
 0.08 0 9.66239 0.0158524 0 -3.21927
 0.08 0 9.67239 0.0140714 0 -3.22406
 0.08 0 9.68239 0.0115962 0 -3.22741
 0.08 0 9.69239 0.0090365 0 -3.23022
 0.08 0 9.70239 0.00621984 0 -3.23301
 0.08 0 9.71239 0.00314624 0 -3.23576
 0.08 0 9.72239 -0.000948203 0 -3.23622
 0.08 0 9.73239 -0.00436724 0 -3.23524
 0.08 0 9.74239 -0.00762526 0 -3.23416
 0.08 0 9.75239 -0.0107223 0 -3.23296
 0.08 0 9.76239 -0.0169396 0 -3.23022
 0.08 0 9.77239 -0.0237464 0 -3.22576
 0.08 0 9.78239 -0.027012 0 -3.21893
 0.08 0 9.79239 -0.0303129 0 -3.212
 0.08 0 9.80239 -0.0336492 0 -3.20495
 0.08 0 9.81239 -0.0418712 0 -3.19526
 0.08 0 9.82239 -0.048903 0 -3.18483
 0.08 0 9.83239 -0.0522537 0 -3.17184
 0.08 0 9.84239 -0.05543 0 -3.15853
 0.08 0 9.85239 -0.0618947 0 -3.14292
 0.08 0 9.86239 -0.0680419 0 -3.1268
 0.08 0 9.87239 -0.0738716 0 -3.11017
 0.08 0 9.88239 -0.0781407 0 -3.09135
 0.08 0 9.89239 -0.0834434 0 -3.06994
 0.08 0 9.90239 -0.088878 0 -3.04781
 0.08 0 9.91239 -0.0943072 0 -3.02502
 0.08 0 9.92239 -0.0991707 0 -3.00038
 0.08 0 9.93239 -0.103821 0 -2.97465
 0.08 0 9.94239 -0.10851 0 -2.94837
 0.08 0 9.95239 -0.113053 0 -2.92145
 0.08 0 9.96239 -0.117351 0 -2.89082
 0.08 0 9.97239 -0.121872 0 -2.85987
 0.08 0 9.98239 -0.126617 0 -2.82861
 0.08 0 9.99239 -0.130983 0 -2.79673
 0.08 0 10.0024 -0.132733 0 -2.76322
 0.08 0 10.0124 -0.134495 0 -2.72944
 0.08 0 10.0224 -0.136268 0 -2.69539
 0.08 0 10.0324 -0.13971 0 -2.65965
 0.08 0 10.0424 -0.143667 0 -2.62316
 0.08 0 10.0524 -0.144945 0 -2.58584
 0.08 0 10.0624 -0.145837 0 -2.54849
 0.09 0 9.46239 0.0019008 0 -3.16846
 0.09 0 9.47239 0.000828871 0 -3.16603
 0.09 0 9.48239 -0.000600601 0 -3.16422
 0.09 0 9.49239 -0.00079939 0 -3.16325
 0.09 0 9.50239 0.000144235 0 -3.16131
 0.09 0 9.51239 0.00137555 0 -3.15979
 0.09 0 9.52239 0.00345541 0 -3.15945
 0.09 0 9.53239 0.00595449 0 -3.15994
 0.09 0 9.54239 0.00845112 0 -3.16087
 0.09 0 9.55239 0.0115685 0 -3.16322
 0.09 0 9.56239 0.0141728 0 -3.16668
 0.09 0 9.57239 0.0168187 0 -3.17061
 0.09 0 9.58239 0.0195061 0 -3.17501
 0.09 0 9.59239 0.0207647 0 -3.17998
 0.09 0 9.60239 0.0214177 0 -3.18534
 0.09 0 9.61239 0.0219065 0 -3.19086
 0.09 0 9.62239 0.0225173 0 -3.19726
 0.09 0 9.63239 0.0227292 0 -3.20366
 0.09 0 9.64239 0.0223082 0 -3.20989
 0.09 0 9.65239 0.0209937 0 -3.2155
 0.09 0 9.66239 0.0194208 0 -3.22086
 0.09 0 9.67239 0.0166394 0 -3.22593
 0.09 0 9.68239 0.013493 0 -3.23043
 0.09 0 9.69239 0.0113125 0 -3.23359
 0.09 0 9.70239 0.0088751 0 -3.23672
 0.09 0 9.71239 0.00488782 0 -3.23928
 0.09 0 9.72239 -0.00159425 0 -3.24089
 0.09 0 9.73239 -0.00496772 0 -3.24025
 0.09 0 9.74239 -0.00773619 0 -3.2392
 0.09 0 9.75239 -0.0107752 0 -3.23784
 0.09 0 9.76239 -0.0184225 0 -3.23421
 0.09 0 9.77239 -0.0260526 0 -3.23061
 0.09 0 9.78239 -0.0307897 0 -3.22507
 0.09 0 9.79239 -0.0335029 0 -3.21805
 0.09 0 9.80239 -0.0385048 0 -3.20976
 0.09 0 9.81239 -0.0462213 0 -3.19984
 0.09 0 9.82239 -0.0536437 0 -3.1898
 0.09 0 9.83239 -0.059323 0 -3.17853
 0.09 0 9.84239 -0.0631209 0 -3.16434
 0.09 0 9.85239 -0.0694029 0 -3.14842
 0.09 0 9.86239 -0.075525 0 -3.13201
 0.09 0 9.87239 -0.0819207 0 -3.11511
 0.09 0 9.88239 -0.0886765 0 -3.09659
 0.09 0 9.89239 -0.0956428 0 -3.07579
 0.09 0 9.90239 -0.1011 0 -3.05353
 0.09 0 9.91239 -0.106552 0 -3.03061
 0.09 0 9.92239 -0.111407 0 -3.00596
 0.09 0 9.93239 -0.116061 0 -2.98031
 0.09 0 9.94239 -0.121608 0 -2.95353
 0.09 0 9.95239 -0.128543 0 -2.92531
 0.09 0 9.96239 -0.133351 0 -2.8946
 0.09 0 9.97239 -0.138124 0 -2.86357
 0.09 0 9.98239 -0.142754 0 -2.83243
 0.09 0 9.99239 -0.14756 0 -2.80095
 0.09 0 10.0024 -0.149186 0 -2.76748
 0.09 0 10.0124 -0.151099 0 -2.7335
 0.09 0 10.0224 -0.154998 0 -2.69761
 0.09 0 10.0324 -0.158915 0 -2.66138
 0.09 0 10.0424 -0.162815 0 -2.62483
 0.09 0 10.0524 -0.164061 0 -2.58733
 0.09 0 10.0624 -0.165187 0 -2.54935
 0.1 0 9.46239 -0.00047781 0 -3.17176
 0.1 0 9.47239 -0.00136304 0 -3.16937
 0.1 0 9.48239 -0.00269391 0 -3.16635
 0.1 0 9.49239 -0.0031289 0 -3.16187
 0.1 0 9.50239 -0.00106959 0 -3.15898
 0.1 0 9.51239 0.000558558 0 -3.1573
 0.1 0 9.52239 0.00282448 0 -3.15666
 0.1 0 9.53239 0.00563573 0 -3.15699
 0.1 0 9.54239 0.00942321 0 -3.15818
 0.1 0 9.55239 0.0132384 0 -3.16066
 0.1 0 9.56239 0.0164275 0 -3.1645
 0.1 0 9.57239 0.0194023 0 -3.16869
 0.1 0 9.58239 0.0220408 0 -3.17313
 0.1 0 9.59239 0.0239184 0 -3.1781
 0.1 0 9.60239 0.0247113 0 -3.18394
 0.1 0 9.61239 0.0256389 0 -3.1907
 0.1 0 9.62239 0.0261677 0 -3.19747
 0.1 0 9.63239 0.0262976 0 -3.20425
 0.1 0 9.64239 0.0260288 0 -3.21104
 0.1 0 9.65239 0.0246925 0 -3.21701
 0.1 0 9.66239 0.0224331 0 -3.2227
 0.1 0 9.67239 0.0193611 0 -3.22818
 0.1 0 9.68239 0.0159417 0 -3.23347
 0.1 0 9.69239 0.0136303 0 -3.23741
 0.1 0 9.70239 0.0115721 0 -3.24089
 0.1 0 9.71239 0.00584457 0 -3.24275
 0.1 0 9.72239 -0.000176745 0 -3.24459
 0.1 0 9.73239 -0.00565618 0 -3.24588
 0.1 0 9.74239 -0.0079351 0 -3.24486
 0.1 0 9.75239 -0.0128075 0 -3.24238
 0.1 0 9.76239 -0.019938 0 -3.23876
 0.1 0 9.77239 -0.0270512 0 -3.23517
 0.1 0 9.78239 -0.0341471 0 -3.2316
 0.1 0 9.79239 -0.0367982 0 -3.22486
 0.1 0 9.80239 -0.0436004 0 -3.2152
 0.1 0 9.81239 -0.0508096 0 -3.20506
 0.1 0 9.82239 -0.0577246 0 -3.1948
 0.1 0 9.83239 -0.0643455 0 -3.1844
 0.1 0 9.84239 -0.0716268 0 -3.17137
 0.1 0 9.85239 -0.0784206 0 -3.15529
 0.1 0 9.86239 -0.0849307 0 -3.1386
 0.1 0 9.87239 -0.0911569 0 -3.1213
 0.1 0 9.88239 -0.0980136 0 -3.10229
 0.1 0 9.89239 -0.105478 0 -3.08166
 0.1 0 9.90239 -0.112862 0 -3.06028
 0.1 0 9.91239 -0.118781 0 -3.03746
 0.1 0 9.92239 -0.123626 0 -3.01281
 0.1 0 9.93239 -0.129918 0 -2.98601
 0.1 0 9.94239 -0.136752 0 -2.95839
 0.1 0 9.95239 -0.143746 0 -2.93025
 0.1 0 9.96239 -0.148658 0 -2.89967
 0.1 0 9.97239 -0.153544 0 -2.86863
 0.1 0 9.98239 -0.158463 0 -2.83721
 0.1 0 9.99239 -0.163378 0 -2.80554
 0.1 0 10.0024 -0.166513 0 -2.77148
 0.1 0 10.0124 -0.170371 0 -2.73585
 0.1 0 10.0224 -0.174247 0 -2.6999
 0.1 0 10.0324 -0.17814 0 -2.66361
 0.1 0 10.0424 -0.181855 0 -2.62695
 0.1 0 10.0524 -0.183215 0 -2.58931
 0.1 0 10.0624 -0.184456 0 -2.55118
 0.11 0 9.46239 -0.00292948 0 -3.17584
 0.11 0 9.47239 -0.0046091 0 -3.17114
 0.11 0 9.48239 -0.00697535 0 -3.16559
 0.11 0 9.49239 -0.00746027 0 -3.16098
 0.11 0 9.50239 -0.00457079 0 -3.15737
 0.11 0 9.51239 -0.00136262 0 -3.15466
 0.11 0 9.52239 0.00250962 0 -3.15325
 0.11 0 9.53239 0.00633238 0 -3.15363
 0.11 0 9.54239 0.0106749 0 -3.15447
 0.11 0 9.55239 0.0149053 0 -3.15692
 0.11 0 9.56239 0.0183212 0 -3.16113
 0.11 0 9.57239 0.0215229 0 -3.16569
 0.11 0 9.58239 0.0245102 0 -3.1706
 0.11 0 9.59239 0.0274754 0 -3.17643
 0.11 0 9.60239 0.0286995 0 -3.18359
 0.11 0 9.61239 0.0295181 0 -3.19074
 0.11 0 9.62239 0.0299332 0 -3.19789
 0.11 0 9.63239 0.0299812 0 -3.20504
 0.11 0 9.64239 0.0296303 0 -3.21221
 0.11 0 9.65239 0.0280878 0 -3.2188
 0.11 0 9.66239 0.025437 0 -3.22491
 0.11 0 9.67239 0.0224387 0 -3.23084
 0.11 0 9.68239 0.019093 0 -3.23657
 0.11 0 9.69239 0.0159899 0 -3.2417
 0.11 0 9.70239 0.0122492 0 -3.24446
 0.11 0 9.71239 0.00694405 0 -3.24654
 0.11 0 9.72239 0.00138349 0 -3.24861
 0.11 0 9.73239 -0.0044325 0 -3.25068
 0.11 0 9.74239 -0.00824131 0 -3.25114
 0.11 0 9.75239 -0.0148723 0 -3.2475
 0.11 0 9.76239 -0.021486 0 -3.24388
 0.11 0 9.77239 -0.0280824 0 -3.24029
 0.11 0 9.78239 -0.0346566 0 -3.23675
 0.11 0 9.79239 -0.0420547 0 -3.23183
 0.11 0 9.80239 -0.0492212 0 -3.22198
 0.11 0 9.81239 -0.0560995 0 -3.21194
 0.11 0 9.82239 -0.0626898 0 -3.20172
 0.11 0 9.83239 -0.068992 0 -3.19133
 0.11 0 9.84239 -0.0789967 0 -3.1783
 0.11 0 9.85239 -0.0881537 0 -3.1635
 0.11 0 9.86239 -0.0944943 0 -3.14641
 0.11 0 9.87239 -0.100551 0 -3.12872
 0.11 0 9.88239 -0.107548 0 -3.10929
 0.11 0 9.89239 -0.115018 0 -3.08859
 0.11 0 9.90239 -0.122409 0 -3.06714
 0.11 0 9.91239 -0.130276 0 -3.04465
 0.11 0 9.92239 -0.13815 0 -3.01899
 0.11 0 9.93239 -0.144863 0 -2.99195
 0.11 0 9.94239 -0.151735 0 -2.96439
 0.11 0 9.95239 -0.158767 0 -2.93631
 0.11 0 9.96239 -0.163804 0 -2.90586
 0.11 0 9.97239 -0.168733 0 -2.8749
 0.11 0 9.98239 -0.173696 0 -2.84354
 0.11 0 9.99239 -0.180678 0 -2.81002
 0.11 0 10.0024 -0.185682 0 -2.77451
 0.11 0 10.0124 -0.189664 0 -2.7387
 0.11 0 10.0224 -0.193516 0 -2.70268
 0.11 0 10.0324 -0.197386 0 -2.66634
 0.11 0 10.0424 -0.200935 0 -2.62956
 0.11 0 10.0524 -0.202409 0 -2.59178
 0.11 0 10.0624 -0.203764 0 -2.55349
 0.12 0 9.46239 -0.00762711 0 -3.17658
 0.12 0 9.47239 -0.00899049 0 -3.16939
 0.12 0 9.48239 -0.0109525 0 -3.164
 0.12 0 9.49239 -0.0114834 0 -3.15938
 0.12 0 9.50239 -0.00822644 0 -3.15534
 0.12 0 9.51239 -0.00400707 0 -3.15152
 0.12 0 9.52239 0.00130432 0 -3.14873
 0.12 0 9.53239 0.00573147 0 -3.14872
 0.12 0 9.54239 0.0110714 0 -3.14933
 0.12 0 9.55239 0.0173228 0 -3.15183
 0.12 0 9.56239 0.0211459 0 -3.15617
 0.12 0 9.57239 0.0243259 0 -3.16078
 0.12 0 9.58239 0.027803 0 -3.16626
 0.12 0 9.59239 0.0327766 0 -3.17434
 0.12 0 9.60239 0.0335351 0 -3.183
 0.12 0 9.61239 0.034473 0 -3.19054
 0.12 0 9.62239 0.0349831 0 -3.1981
 0.12 0 9.63239 0.0350653 0 -3.20567
 0.12 0 9.64239 0.0345161 0 -3.21335
 0.12 0 9.65239 0.0322588 0 -3.22108
 0.12 0 9.66239 0.029665 0 -3.22769
 0.12 0 9.67239 0.0267024 0 -3.23409
 0.12 0 9.68239 0.0233712 0 -3.24029
 0.12 0 9.69239 0.0187001 0 -3.24605
 0.12 0 9.70239 0.0134649 0 -3.24909
 0.12 0 9.71239 0.00866177 0 -3.2515
 0.12 0 9.72239 0.00360483 0 -3.25391
 0.12 0 9.73239 -0.00170588 0 -3.25633
 0.12 0 9.74239 -0.0101572 0 -3.2575
 0.12 0 9.75239 -0.0169231 0 -3.2546
 0.12 0 9.76239 -0.022927 0 -3.25122
 0.12 0 9.77239 -0.0288898 0 -3.24786
 0.12 0 9.78239 -0.0348113 0 -3.24453
 0.12 0 9.79239 -0.0454572 0 -3.23877
 0.12 0 9.80239 -0.0555188 0 -3.23094
 0.12 0 9.81239 -0.0618928 0 -3.22059
 0.12 0 9.82239 -0.0679788 0 -3.21007
 0.12 0 9.83239 -0.074406 0 -3.19903
 0.12 0 9.84239 -0.0849553 0 -3.18523
 0.12 0 9.85239 -0.0951221 0 -3.17087
 0.12 0 9.86239 -0.104216 0 -3.15545
 0.12 0 9.87239 -0.110103 0 -3.13737
 0.12 0 9.88239 -0.11728 0 -3.11761
 0.12 0 9.89239 -0.124793 0 -3.09681
 0.12 0 9.90239 -0.133839 0 -3.0744
 0.12 0 9.91239 -0.143001 0 -3.05124
 0.12 0 9.92239 -0.151159 0 -3.02568
 0.12 0 9.93239 -0.159032 0 -2.99893
 0.12 0 9.94239 -0.166557 0 -2.97153
 0.12 0 9.95239 -0.173627 0 -2.94351
 0.12 0 9.96239 -0.178788 0 -2.9132
 0.12 0 9.97239 -0.184823 0 -2.88143
 0.12 0 9.98239 -0.19192 0 -2.8483
 0.12 0 9.99239 -0.199003 0 -2.81464
 0.12 0 10.0024 -0.204083 0 -2.77895
 0.12 0 10.0124 -0.208658 0 -2.74253
 0.12 0 10.0224 -0.212806 0 -2.70596
 0.12 0 10.0324 -0.216653 0 -2.66955
 0.12 0 10.0424 -0.220055 0 -2.63266
 0.12 0 10.0524 -0.221643 0 -2.59472
 0.12 0 10.0624 -0.223111 0 -2.55629
 0.13 0 9.46239 -0.0164645 0 -3.18092
 0.13 0 9.47239 -0.0160678 0 -3.1711
 0.13 0 9.48239 -0.0153596 0 -3.16253
 0.13 0 9.49239 -0.0151983 0 -3.15707
 0.13 0 9.50239 -0.0113992 0 -3.15147
 0.13 0 9.51239 -0.00633689 0 -3.14666
 0.13 0 9.52239 2.73382e-05 0 -3.14283
 0.13 0 9.53239 0.0045749 0 -3.1422
 0.13 0 9.54239 0.0118359 0 -3.14358
 0.13 0 9.55239 0.0209904 0 -3.14591
 0.13 0 9.56239 0.0241455 0 -3.15053
 0.13 0 9.57239 0.0272542 0 -3.15579
 0.13 0 9.58239 0.0335757 0 -3.16325
 0.13 0 9.59239 0.0383119 0 -3.17168
 0.13 0 9.60239 0.0390575 0 -3.18075
 0.13 0 9.61239 0.0399979 0 -3.19005
 0.13 0 9.62239 0.0406273 0 -3.19801
 0.13 0 9.63239 0.0408288 0 -3.20598
 0.13 0 9.64239 0.039338 0 -3.21502
 0.13 0 9.65239 0.0369905 0 -3.22363
 0.13 0 9.66239 0.0344964 0 -3.23098
 0.13 0 9.67239 0.0317393 0 -3.23791
 0.13 0 9.68239 0.0284691 0 -3.2446
 0.13 0 9.69239 0.0217715 0 -3.25035
 0.13 0 9.70239 0.0153056 0 -3.25521
 0.13 0 9.71239 0.0109925 0 -3.25798
 0.13 0 9.72239 0.00642569 0 -3.26075
 0.13 0 9.73239 0.000873343 0 -3.26319
 0.13 0 9.74239 -0.00949111 0 -3.26352
 0.13 0 9.75239 -0.0190424 0 -3.26311
 0.13 0 9.76239 -0.0244253 0 -3.25974
 0.13 0 9.77239 -0.029767 0 -3.25639
 0.13 0 9.78239 -0.0364232 0 -3.25237
 0.13 0 9.79239 -0.0480222 0 -3.24572
 0.13 0 9.80239 -0.0594156 0 -3.23909
 0.13 0 9.81239 -0.0678143 0 -3.23035
 0.13 0 9.82239 -0.0733959 0 -3.21952
 0.13 0 9.83239 -0.0808603 0 -3.20742
 0.13 0 9.84239 -0.0912272 0 -3.19326
 0.13 0 9.85239 -0.101212 0 -3.17854
 0.13 0 9.86239 -0.110813 0 -3.16326
 0.13 0 9.87239 -0.119813 0 -3.14725
 0.13 0 9.88239 -0.128248 0 -3.12661
 0.13 0 9.89239 -0.137312 0 -3.10491
 0.13 0 9.90239 -0.146492 0 -3.08246
 0.13 0 9.91239 -0.155788 0 -3.05927
 0.13 0 9.92239 -0.164014 0 -3.03374
 0.13 0 9.93239 -0.171903 0 -3.00701
 0.13 0 9.94239 -0.179904 0 -2.97971
 0.13 0 9.95239 -0.188063 0 -2.95179
 0.13 0 9.96239 -0.195858 0 -2.91991
 0.13 0 9.97239 -0.203002 0 -2.88722
 0.13 0 9.98239 -0.210132 0 -2.854
 0.13 0 9.99239 -0.217248 0 -2.82025
 0.13 0 10.0024 -0.222418 0 -2.78439
 0.13 0 10.0124 -0.227189 0 -2.74787
 0.13 0 10.0224 -0.231702 0 -2.71081
 0.13 0 10.0324 -0.23594 0 -2.67326
 0.13 0 10.0424 -0.239213 0 -2.63623
 0.13 0 10.0524 -0.240915 0 -2.59815
 0.13 0 10.0624 -0.243378 0 -2.55838
 0.14 0 9.46239 -0.0256973 0 -3.18618
 0.14 0 9.47239 -0.0250432 0 -3.17573
 0.14 0 9.48239 -0.024102 0 -3.16642
 0.14 0 9.49239 -0.0225717 0 -3.15317
 0.14 0 9.50239 -0.0165505 0 -3.14591
 0.14 0 9.51239 -0.00926999 0 -3.1403
 0.14 0 9.52239 -0.00182324 0 -3.13585
 0.14 0 9.53239 0.00509602 0 -3.13598
 0.14 0 9.54239 0.0134487 0 -3.13883
 0.14 0 9.55239 0.0216092 0 -3.14114
 0.14 0 9.56239 0.0266624 0 -3.145
 0.14 0 9.57239 0.0330862 0 -3.15185
 0.14 0 9.58239 0.0396086 0 -3.15968
 0.14 0 9.59239 0.0440815 0 -3.16844
 0.14 0 9.60239 0.0448397 0 -3.17781
 0.14 0 9.61239 0.0458263 0 -3.18776
 0.14 0 9.62239 0.0468415 0 -3.19762
 0.14 0 9.63239 0.0463566 0 -3.20712
 0.14 0 9.64239 0.0445924 0 -3.21709
 0.14 0 9.65239 0.0421935 0 -3.22637
 0.14 0 9.66239 0.039484 0 -3.2347
 0.14 0 9.67239 0.0369322 0 -3.24216
 0.14 0 9.68239 0.0316614 0 -3.24882
 0.14 0 9.69239 0.025225 0 -3.25512
 0.14 0 9.70239 0.0181729 0 -3.26121
 0.14 0 9.71239 0.0133756 0 -3.26508
 0.14 0 9.72239 0.00929886 0 -3.26821
 0.14 0 9.73239 0.00111627 0 -3.26944
 0.14 0 9.74239 -0.00870056 0 -3.27
 0.14 0 9.75239 -0.0187803 0 -3.27059
 0.14 0 9.76239 -0.0260251 0 -3.26902
 0.14 0 9.77239 -0.0307457 0 -3.26568
 0.14 0 9.78239 -0.0397391 0 -3.26008
 0.14 0 9.79239 -0.0507679 0 -3.25332
 0.14 0 9.80239 -0.0615911 0 -3.24657
 0.14 0 9.81239 -0.0722087 0 -3.23984
 0.14 0 9.82239 -0.0789412 0 -3.23006
 0.14 0 9.83239 -0.087628 0 -3.21691
 0.14 0 9.84239 -0.0978125 0 -3.20239
 0.14 0 9.85239 -0.107978 0 -3.18738
 0.14 0 9.86239 -0.118349 0 -3.17186
 0.14 0 9.87239 -0.128379 0 -3.15573
 0.14 0 9.88239 -0.139495 0 -3.13571
 0.14 0 9.89239 -0.149894 0 -3.11444
 0.14 0 9.90239 -0.159208 0 -3.09196
 0.14 0 9.91239 -0.168638 0 -3.06873
 0.14 0 9.92239 -0.176934 0 -3.04323
 0.14 0 9.93239 -0.18484 0 -3.01653
 0.14 0 9.94239 -0.19386 0 -2.98836
 0.14 0 9.95239 -0.204497 0 -2.9587
 0.14 0 9.96239 -0.213284 0 -2.92674
 0.14 0 9.97239 -0.221101 0 -2.894
 0.14 0 9.98239 -0.228264 0 -2.86069
 0.14 0 9.99239 -0.235413 0 -2.82685
 0.14 0 10.0024 -0.240689 0 -2.79082
 0.14 0 10.0124 -0.245656 0 -2.7542
 0.14 0 10.0224 -0.250365 0 -2.71704
 0.14 0 10.0324 -0.25532 0 -2.67886
 0.14 0 10.0424 -0.259766 0 -2.63859
 0.14 0 10.0524 -0.262316 0 -2.59863
 0.14 0 10.0624 -0.264949 0 -2.55878
 0.15 0 9.46239 -0.0353255 0 -3.19234
 0.15 0 9.47239 -0.034867 0 -3.18004
 0.15 0 9.48239 -0.0347862 0 -3.16308
 0.15 0 9.49239 -0.0317292 0 -3.14771
 0.15 0 9.50239 -0.025123 0 -3.13813
 0.15 0 9.51239 -0.0170347 0 -3.13091
 0.15 0 9.52239 -0.00496651 0 -3.126
 0.15 0 9.53239 0.00786426 0 -3.12666
 0.15 0 9.54239 0.0159852 0 -3.12997
 0.15 0 9.55239 0.023882 0 -3.13271
 0.15 0 9.56239 0.0319631 0 -3.13914
 0.15 0 9.57239 0.0391785 0 -3.14734
 0.15 0 9.58239 0.0459017 0 -3.15553
 0.15 0 9.59239 0.0500853 0 -3.16462
 0.15 0 9.60239 0.0508561 0 -3.17429
 0.15 0 9.61239 0.0518553 0 -3.18455
 0.15 0 9.62239 0.0542574 0 -3.19697
 0.15 0 9.63239 0.0531825 0 -3.20857
 0.15 0 9.64239 0.0506912 0 -3.21938
 0.15 0 9.65239 0.047829 0 -3.22951
 0.15 0 9.66239 0.0447438 0 -3.23879
 0.15 0 9.67239 0.0407951 0 -3.24646
 0.15 0 9.68239 0.0352357 0 -3.25353
 0.15 0 9.69239 0.0290606 0 -3.26038
 0.15 0 9.70239 0.0222696 0 -3.26702
 0.15 0 9.71239 0.015811 0 -3.27279
 0.15 0 9.72239 0.01049 0 -3.27537
 0.15 0 9.73239 0.00148366 0 -3.27615
 0.15 0 9.74239 -0.00778556 0 -3.27695
 0.15 0 9.75239 -0.0173176 0 -3.27777
 0.15 0 9.76239 -0.0271126 0 -3.27862
 0.15 0 9.77239 -0.0325715 0 -3.27533
 0.15 0 9.78239 -0.0432356 0 -3.26844
 0.15 0 9.79239 -0.0536942 0 -3.26157
 0.15 0 9.80239 -0.0639472 0 -3.2547
 0.15 0 9.81239 -0.0739946 0 -3.24785
 0.15 0 9.82239 -0.0838208 0 -3.24122
 0.15 0 9.83239 -0.0957024 0 -3.22785
 0.15 0 9.84239 -0.106594 0 -3.21319
 0.15 0 9.85239 -0.117145 0 -3.19791
 0.15 0 9.86239 -0.127356 0 -3.18202
 0.15 0 9.87239 -0.137297 0 -3.16536
 0.15 0 9.88239 -0.148465 0 -3.14538
 0.15 0 9.89239 -0.159835 0 -3.1245
 0.15 0 9.90239 -0.171409 0 -3.10271
 0.15 0 9.91239 -0.181551 0 -3.07962
 0.15 0 9.92239 -0.18992 0 -3.05416
 0.15 0 9.93239 -0.199643 0 -3.02558
 0.15 0 9.94239 -0.210035 0 -2.99642
 0.15 0 9.95239 -0.220748 0 -2.96709
 0.15 0 9.96239 -0.229835 0 -2.93488
 0.15 0 9.97239 -0.238274 0 -2.90185
 0.15 0 9.98239 -0.246314 0 -2.86837
 0.15 0 9.99239 -0.253472 0 -2.83441
 0.15 0 10.0024 -0.258894 0 -2.79823
 0.15 0 10.0124 -0.264934 0 -2.76079
 0.15 0 10.0224 -0.271474 0 -2.72201
 0.15 0 10.0324 -0.277673 0 -2.68253
 0.15 0 10.0424 -0.281837 0 -2.64184
 0.15 0 10.0524 -0.28398 0 -2.60003
 0.15 0 10.0624 -0.286415 0 -2.5592
 0.16 0 9.46239 -0.0466716 0 -3.19657
 0.16 0 9.47239 -0.0479417 0 -3.17609
 0.16 0 9.48239 -0.0462356 0 -3.1572
 0.16 0 9.49239 -0.0415533 0 -3.13989
 0.16 0 9.50239 -0.0340993 0 -3.12769
 0.16 0 9.51239 -0.022668 0 -3.1197
 0.16 0 9.52239 -0.00571074 0 -3.1153
 0.16 0 9.53239 0.0106391 0 -3.11406
 0.16 0 9.54239 0.0189423 0 -3.11792
 0.16 0 9.55239 0.027314 0 -3.12198
 0.16 0 9.56239 0.0363222 0 -3.12981
 0.16 0 9.57239 0.0447171 0 -3.13952
 0.16 0 9.58239 0.0524551 0 -3.15081
 0.16 0 9.59239 0.0563233 0 -3.16023
 0.16 0 9.60239 0.0580521 0 -3.17253
 0.16 0 9.61239 0.0602833 0 -3.18532
 0.16 0 9.62239 0.0627324 0 -3.1978
 0.16 0 9.63239 0.0619931 0 -3.20978
 0.16 0 9.64239 0.0591041 0 -3.22109
 0.16 0 9.65239 0.0557437 0 -3.23179
 0.16 0 9.66239 0.0513096 0 -3.24246
 0.16 0 9.67239 0.0460072 0 -3.25161
 0.16 0 9.68239 0.0404008 0 -3.25923
 0.16 0 9.69239 0.0342023 0 -3.2666
 0.16 0 9.70239 0.0274119 0 -3.27372
 0.16 0 9.71239 0.0200294 0 -3.28059
 0.16 0 9.72239 0.0106558 0 -3.28284
 0.16 0 9.73239 0.00223045 0 -3.28392
 0.16 0 9.74239 -0.0064554 0 -3.28503
 0.16 0 9.75239 -0.0154018 0 -3.28616
 0.16 0 9.76239 -0.0246087 0 -3.28732
 0.16 0 9.77239 -0.0369329 0 -3.2855
 0.16 0 9.78239 -0.0470247 0 -3.27889
 0.16 0 9.79239 -0.0568823 0 -3.27228
 0.16 0 9.80239 -0.0665056 0 -3.26567
 0.16 0 9.81239 -0.0758947 0 -3.25906
 0.16 0 9.82239 -0.0876299 0 -3.25097
 0.16 0 9.83239 -0.104156 0 -3.23986
 0.16 0 9.84239 -0.116034 0 -3.22555
 0.16 0 9.85239 -0.126424 0 -3.20989
 0.16 0 9.86239 -0.136474 0 -3.19361
 0.16 0 9.87239 -0.146362 0 -3.17645
 0.16 0 9.88239 -0.157569 0 -3.15655
 0.16 0 9.89239 -0.168979 0 -3.13574
 0.16 0 9.90239 -0.180591 0 -3.11403
 0.16 0 9.91239 -0.19312 0 -3.09107
 0.16 0 9.92239 -0.205399 0 -3.06362
 0.16 0 9.93239 -0.21556 0 -3.0348
 0.16 0 9.94239 -0.226028 0 -3.00596
 0.16 0 9.95239 -0.236817 0 -2.97696
 0.16 0 9.96239 -0.246202 0 -2.9445
 0.16 0 9.97239 -0.254976 0 -2.91113
 0.16 0 9.98239 -0.263349 0 -2.87732
 0.16 0 9.99239 -0.272138 0 -2.84211
 0.16 0 10.0024 -0.28004 0 -2.80427
 0.16 0 10.0124 -0.287038 0 -2.76585
 0.16 0 10.0224 -0.293694 0 -2.72673
 0.16 0 10.0324 -0.300009 0 -2.68691
 0.16 0 10.0424 -0.30392 0 -2.64583
 0.16 0 10.0524 -0.306296 0 -2.60382
 0.16 0 10.0624 -0.308357 0 -2.56122
 0.17 0 9.46239 -0.0699502 0 -3.198
 0.17 0 9.47239 -0.0670115 0 -3.17238
 0.17 0 9.48239 -0.0610889 0 -3.14956
 0.17 0 9.49239 -0.0521824 0 -3.12954
 0.17 0 9.50239 -0.0411287 0 -3.11556
 0.17 0 9.51239 -0.0246343 0 -3.10847
 0.17 0 9.52239 -0.00719174 0 -3.10372
 0.17 0 9.53239 0.011199 0 -3.1013
 0.17 0 9.54239 0.021493 0 -3.10472
 0.17 0 9.55239 0.0311385 0 -3.11043
 0.17 0 9.56239 0.0408798 0 -3.11848
 0.17 0 9.57239 0.0500077 0 -3.12841
 0.17 0 9.58239 0.0612755 0 -3.14314
 0.17 0 9.59239 0.0659148 0 -3.15943
 0.17 0 9.60239 0.0665249 0 -3.17442
 0.17 0 9.61239 0.0686297 0 -3.18699
 0.17 0 9.62239 0.0709524 0 -3.19924
 0.17 0 9.63239 0.070636 0 -3.2114
 0.17 0 9.64239 0.0673493 0 -3.22321
 0.17 0 9.65239 0.063182 0 -3.23522
 0.17 0 9.66239 0.0580019 0 -3.24713
 0.17 0 9.67239 0.0522781 0 -3.25783
 0.17 0 9.68239 0.0468307 0 -3.26614
 0.17 0 9.69239 0.0407913 0 -3.2742
 0.17 0 9.70239 0.0341599 0 -3.282
 0.17 0 9.71239 0.0233096 0 -3.28819
 0.17 0 9.72239 0.0117123 0 -3.29292
 0.17 0 9.73239 0.0039034 0 -3.29434
 0.17 0 9.74239 -0.00416604 0 -3.29579
 0.17 0 9.75239 -0.012496 0 -3.29727
 0.17 0 9.76239 -0.0223682 0 -3.29814
 0.17 0 9.77239 -0.0384488 0 -3.29612
 0.17 0 9.78239 -0.0511491 0 -3.29167
 0.17 0 9.79239 -0.0603419 0 -3.28491
 0.17 0 9.80239 -0.0693006 0 -3.27814
 0.17 0 9.81239 -0.078025 0 -3.27137
 0.17 0 9.82239 -0.0921539 0 -3.26145
 0.17 0 9.83239 -0.108287 0 -3.25005
 0.17 0 9.84239 -0.124226 0 -3.23837
 0.17 0 9.85239 -0.135814 0 -3.2233
 0.17 0 9.86239 -0.145703 0 -3.20664
 0.17 0 9.87239 -0.155561 0 -3.18905
 0.17 0 9.88239 -0.166808 0 -3.16922
 0.17 0 9.89239 -0.178256 0 -3.14849
 0.17 0 9.90239 -0.191527 0 -3.12586
 0.17 0 9.91239 -0.207205 0 -3.10134
 0.17 0 9.92239 -0.220858 0 -3.07517
 0.17 0 9.93239 -0.230691 0 -3.0463
 0.17 0 9.94239 -0.241349 0 -3.01732
 0.17 0 9.95239 -0.252702 0 -2.98831
 0.17 0 9.96239 -0.263272 0 -2.9553
 0.17 0 9.97239 -0.273535 0 -2.92093
 0.17 0 9.98239 -0.282874 0 -2.88597
 0.17 0 9.99239 -0.292034 0 -2.84939
 0.17 0 10.0024 -0.301547 0 -2.81056
 0.17 0 10.0124 -0.309124 0 -2.77162
 0.17 0 10.0224 -0.315897 0 -2.73217
 0.17 0 10.0324 -0.322329 0 -2.69201
 0.17 0 10.0424 -0.326016 0 -2.65057
 0.17 0 10.0524 -0.328625 0 -2.60836
 0.17 0 10.0624 -0.330919 0 -2.56556
 0.18 0 9.46239 -0.0967692 0 -3.19983
 0.18 0 9.47239 -0.0945807 0 -3.16854
 0.18 0 9.48239 -0.0866688 0 -3.14139
 0.18 0 9.49239 -0.0729213 0 -3.11679
 0.18 0 9.50239 -0.0466986 0 -3.09874
 0.18 0 9.51239 -0.0276236 0 -3.09332
 0.18 0 9.52239 -0.00923068 0 -3.09052
 0.18 0 9.53239 0.00946649 0 -3.0885
 0.18 0 9.54239 0.0240736 0 -3.09046
 0.18 0 9.55239 0.0359884 0 -3.09826
 0.18 0 9.56239 0.0490962 0 -3.11029
 0.18 0 9.57239 0.0618854 0 -3.12366
 0.18 0 9.58239 0.0743559 0 -3.13836
 0.18 0 9.59239 0.0783124 0 -3.15486
 0.18 0 9.60239 0.0779503 0 -3.17143
 0.18 0 9.61239 0.0777836 0 -3.1875
 0.18 0 9.62239 0.0789173 0 -3.20129
 0.18 0 9.63239 0.0791113 0 -3.21344
 0.18 0 9.64239 0.0752495 0 -3.22681
 0.18 0 9.65239 0.0705687 0 -3.24014
 0.18 0 9.66239 0.0651249 0 -3.25271
 0.18 0 9.67239 0.0589182 0 -3.26452
 0.18 0 9.68239 0.0533788 0 -3.27387
 0.18 0 9.69239 0.0474985 0 -3.28262
 0.18 0 9.70239 0.0385506 0 -3.29005
 0.18 0 9.71239 0.0268743 0 -3.29635
 0.18 0 9.72239 0.0145717 0 -3.30246
 0.18 0 9.73239 0.00562188 0 -3.30556
 0.18 0 9.74239 -0.00183114 0 -3.30735
 0.18 0 9.75239 -0.00954467 0 -3.30917
 0.18 0 9.76239 -0.0230186 0 -3.30817
 0.18 0 9.77239 -0.0384746 0 -3.30627
 0.18 0 9.78239 -0.0541012 0 -3.30439
 0.18 0 9.79239 -0.0640383 0 -3.29847
 0.18 0 9.80239 -0.0723323 0 -3.29155
 0.18 0 9.81239 -0.0811814 0 -3.28421
 0.18 0 9.82239 -0.0971143 0 -3.27281
 0.18 0 9.83239 -0.112854 0 -3.26113
 0.18 0 9.84239 -0.128399 0 -3.24915
 0.18 0 9.85239 -0.143751 0 -3.23689
 0.18 0 9.86239 -0.155043 0 -3.22112
 0.18 0 9.87239 -0.164895 0 -3.20314
 0.18 0 9.88239 -0.17618 0 -3.18339
 0.18 0 9.89239 -0.19007 0 -3.16091
 0.18 0 9.90239 -0.205336 0 -3.13706
 0.18 0 9.91239 -0.220821 0 -3.11283
 0.18 0 9.92239 -0.235987 0 -3.08793
 0.18 0 9.93239 -0.24528 0 -3.05934
 0.18 0 9.94239 -0.255398 0 -3.03066
 0.18 0 9.95239 -0.269034 0 -2.99969
 0.18 0 9.96239 -0.283662 0 -2.96631
 0.18 0 9.97239 -0.293602 0 -2.93135
 0.18 0 9.98239 -0.302618 0 -2.89579
 0.18 0 9.99239 -0.312276 0 -2.85791
 0.18 0 10.0024 -0.321986 0 -2.81843
 0.18 0 10.0124 -0.330837 0 -2.77836
 0.18 0 10.0224 -0.338084 0 -2.73832
 0.18 0 10.0324 -0.344631 0 -2.69782
 0.18 0 10.0424 -0.348125 0 -2.65606
 0.18 0 10.0524 -0.350966 0 -2.61364
 0.18 0 10.0624 -0.353493 0 -2.57064
 0.19 0 9.46239 -0.127729 0 -3.20239
 0.19 0 9.47239 -0.126029 0 -3.16154
 0.19 0 9.48239 -0.115437 0 -3.12986
 0.19 0 9.49239 -0.0894452 0 -3.09724
 0.19 0 9.50239 -0.0569511 0 -3.07159
 0.19 0 9.51239 -0.0342525 0 -3.06676
 0.19 0 9.52239 -0.0122358 0 -3.06454
 0.19 0 9.53239 0.0116569 0 -3.06572
 0.19 0 9.54239 0.0315345 0 -3.07873
 0.19 0 9.55239 0.0460307 0 -3.09316
 0.19 0 9.56239 0.0602309 0 -3.10503
 0.19 0 9.57239 0.0741125 0 -3.11824
 0.19 0 9.58239 0.0876754 0 -3.13279
 0.19 0 9.59239 0.0907355 0 -3.14958
 0.19 0 9.60239 0.0901931 0 -3.16645
 0.19 0 9.61239 0.0898462 0 -3.18282
 0.19 0 9.62239 0.0896946 0 -3.1987
 0.19 0 9.63239 0.0889595 0 -3.21665
 0.19 0 9.64239 0.0833386 0 -3.23196
 0.19 0 9.65239 0.078386 0 -3.24595
 0.19 0 9.66239 0.0726786 0 -3.25919
 0.19 0 9.67239 0.0662081 0 -3.27167
 0.19 0 9.68239 0.0600452 0 -3.28244
 0.19 0 9.69239 0.052908 0 -3.29118
 0.19 0 9.70239 0.0421988 0 -3.29825
 0.19 0 9.71239 0.0308633 0 -3.30513
 0.19 0 9.72239 0.0189016 0 -3.31181
 0.19 0 9.73239 0.00738588 0 -3.31756
 0.19 0 9.74239 0.000549289 0 -3.31969
 0.19 0 9.75239 -0.00898328 0 -3.32054
 0.19 0 9.76239 -0.0236441 0 -3.31874
 0.19 0 9.77239 -0.0384754 0 -3.31696
 0.19 0 9.78239 -0.0534774 0 -3.3152
 0.19 0 9.79239 -0.0679714 0 -3.31298
 0.19 0 9.80239 -0.0756007 0 -3.30591
 0.19 0 9.81239 -0.0869715 0 -3.29674
 0.19 0 9.82239 -0.102511 0 -3.28506
 0.19 0 9.83239 -0.117857 0 -3.27308
 0.19 0 9.84239 -0.133009 0 -3.26082
 0.19 0 9.85239 -0.147968 0 -3.24827
 0.19 0 9.86239 -0.162733 0 -3.23543
 0.19 0 9.87239 -0.174363 0 -3.21873
 0.19 0 9.88239 -0.188746 0 -3.19621
 0.19 0 9.89239 -0.203603 0 -3.17304
 0.19 0 9.90239 -0.218677 0 -3.14949
 0.19 0 9.91239 -0.233968 0 -3.12554
 0.19 0 9.92239 -0.249477 0 -3.10121
 0.19 0 9.93239 -0.259539 0 -3.07359
 0.19 0 9.94239 -0.270678 0 -3.04397
 0.19 0 9.95239 -0.286497 0 -3.01071
 0.19 0 9.96239 -0.301882 0 -2.97758
 0.19 0 9.97239 -0.313756 0 -2.94304
 0.19 0 9.98239 -0.322449 0 -2.90688
 0.19 0 9.99239 -0.332865 0 -2.86766
 0.19 0 10.0024 -0.342771 0 -2.82753
 0.19 0 10.0124 -0.351819 0 -2.78681
 0.19 0 10.0224 -0.36001 0 -2.7455
 0.19 0 10.0324 -0.366858 0 -2.70434
 0.19 0 10.0424 -0.370247 0 -2.6623
 0.19 0 10.0524 -0.374039 0 -2.61881
 0.19 0 10.0624 -0.378459 0 -2.57362
 0.2 0 9.46239 -0.165271 0 -3.20547
 0.2 0 9.47239 -0.161552 0 -3.15188
 0.2 0 9.48239 -0.141804 0 -3.11071
 0.2 0 9.49239 -0.110688 0 -3.06995
 0.2 0 9.50239 -0.0714736 0 -3.03483
 0.2 0 9.51239 -0.0447023 0 -3.03058
 0.2 0 9.52239 -0.00533552 0 -3.0314
 0.2 0 9.53239 0.0255669 0 -3.03933
 0.2 0 9.54239 0.0425444 0 -3.0585
 0.2 0 9.55239 0.0572225 0 -3.07939
 0.2 0 9.56239 0.0716046 0 -3.09897
 0.2 0 9.57239 0.0865786 0 -3.11202
 0.2 0 9.58239 0.101234 0 -3.12641
 0.2 0 9.59239 0.103184 0 -3.14358
 0.2 0 9.60239 0.102461 0 -3.16076
 0.2 0 9.61239 0.102526 0 -3.17971
 0.2 0 9.62239 0.103105 0 -3.20075
 0.2 0 9.63239 0.102676 0 -3.22015
 0.2 0 9.64239 0.0965922 0 -3.23624
 0.2 0 9.65239 0.0898977 0 -3.25149
 0.2 0 9.66239 0.0825925 0 -3.2659
 0.2 0 9.67239 0.0746767 0 -3.27947
 0.2 0 9.68239 0.0663818 0 -3.29158
 0.2 0 9.69239 0.0566397 0 -3.29942
 0.2 0 9.70239 0.0462714 0 -3.30706
 0.2 0 9.71239 0.0352767 0 -3.31451
 0.2 0 9.72239 0.0236558 0 -3.32177
 0.2 0 9.73239 0.0114086 0 -3.32884
 0.2 0 9.74239 0.00297525 0 -3.33283
 0.2 0 9.75239 -0.0102083 0 -3.33152
 0.2 0 9.76239 -0.0242445 0 -3.32985
 0.2 0 9.77239 -0.0384512 0 -3.3282
 0.2 0 9.78239 -0.0528285 0 -3.32656
 0.2 0 9.79239 -0.0673764 0 -3.32494
 0.2 0 9.80239 -0.0791058 0 -3.32121
 0.2 0 9.81239 -0.093198 0 -3.31015
 0.2 0 9.82239 -0.108344 0 -3.29818
 0.2 0 9.83239 -0.123333 0 -3.28606
 0.2 0 9.84239 -0.138193 0 -3.27411
 0.2 0 9.85239 -0.152782 0 -3.2619
 0.2 0 9.86239 -0.167102 0 -3.24945
 0.2 0 9.87239 -0.187758 0 -3.23403
 0.2 0 9.88239 -0.202222 0 -3.21092
 0.2 0 9.89239 -0.21664 0 -3.18715
 0.2 0 9.90239 -0.231549 0 -3.16314
 0.2 0 9.91239 -0.246647 0 -3.13948
 0.2 0 9.92239 -0.261963 0 -3.11543
 0.2 0 9.93239 -0.273469 0 -3.08904
 0.2 0 9.94239 -0.288996 0 -3.05556
 0.2 0 9.95239 -0.304207 0 -3.02211
 0.2 0 9.96239 -0.318984 0 -2.98878
 0.2 0 9.97239 -0.333328 0 -2.95557
 0.2 0 9.98239 -0.342839 0 -2.91885
 0.2 0 9.99239 -0.353799 0 -2.87866
 0.2 0 10.0024 -0.363902 0 -2.83787
 0.2 0 10.0124 -0.373147 0 -2.79649
 0.2 0 10.0224 -0.382445 0 -2.75411
 0.2 0 10.0324 -0.390444 0 -2.71018
 0.2 0 10.0424 -0.395638 0 -2.665
 0.2 0 10.0524 -0.400633 0 -2.62006
 0.2 0 10.0624 -0.405424 0 -2.57447
 0.21 0 9.46239 -0.248404 0 -3.21643
 0.21 0 9.47239 -0.218246 0 -3.11992
 0.21 0 9.48239 -0.17819 0 -3.06094
 0.21 0 9.49239 -0.147798 0 -3.01388
 0.21 0 9.50239 -0.0775548 0 -2.98823
 0.21 0 9.51239 -0.0261321 0 -2.98893
 0.21 0 9.52239 0.0123768 0 -2.99642
 0.21 0 9.53239 0.0409921 0 -3.01164
 0.21 0 9.54239 0.0564467 0 -3.03402
 0.21 0 9.55239 0.0713894 0 -3.05671
 0.21 0 9.56239 0.0858203 0 -3.07971
 0.21 0 9.57239 0.0997392 0 -3.10302
 0.21 0 9.58239 0.115031 0 -3.11922
 0.21 0 9.59239 0.115658 0 -3.13687
 0.21 0 9.60239 0.116504 0 -3.1609
 0.21 0 9.61239 0.116836 0 -3.18363
 0.21 0 9.62239 0.116612 0 -3.20491
 0.21 0 9.63239 0.115831 0 -3.22474
 0.21 0 9.64239 0.109663 0 -3.24174
 0.21 0 9.65239 0.102505 0 -3.25777
 0.21 0 9.66239 0.0947369 0 -3.27296
 0.21 0 9.67239 0.0857857 0 -3.28732
 0.21 0 9.68239 0.0732412 0 -3.3009
 0.21 0 9.69239 0.0628488 0 -3.31011
 0.21 0 9.70239 0.0525198 0 -3.31818
 0.21 0 9.71239 0.0415727 0 -3.32603
 0.21 0 9.72239 0.0300075 0 -3.33366
 0.21 0 9.73239 0.0178243 0 -3.34106
 0.21 0 9.74239 0.0020015 0 -3.34575
 0.21 0 9.75239 -0.0111743 0 -3.34434
 0.21 0 9.76239 -0.0245118 0 -3.34294
 0.21 0 9.77239 -0.0380107 0 -3.34157
 0.21 0 9.78239 -0.0516713 0 -3.34023
 0.21 0 9.79239 -0.0654934 0 -3.33891
 0.21 0 9.80239 -0.0825599 0 -3.33614
 0.21 0 9.81239 -0.100608 0 -3.32668
 0.21 0 9.82239 -0.115353 0 -3.31506
 0.21 0 9.83239 -0.129828 0 -3.3032
 0.21 0 9.84239 -0.144033 0 -3.29109
 0.21 0 9.85239 -0.157968 0 -3.27874
 0.21 0 9.86239 -0.171723 0 -3.26609
 0.21 0 9.87239 -0.19613 0 -3.24859
 0.21 0 9.88239 -0.215837 0 -3.22875
 0.21 0 9.89239 -0.229309 0 -3.20532
 0.21 0 9.90239 -0.243301 0 -3.18151
 0.21 0 9.91239 -0.257812 0 -3.15734
 0.21 0 9.92239 -0.272842 0 -3.13279
 0.21 0 9.93239 -0.2929 0 -3.10308
 0.21 0 9.94239 -0.307837 0 -3.06912
 0.21 0 9.95239 -0.322354 0 -3.03528
 0.21 0 9.96239 -0.336452 0 -3.00156
 0.21 0 9.97239 -0.350129 0 -2.96797
 0.21 0 9.98239 -0.365576 0 -2.93154
 0.21 0 9.99239 -0.377875 0 -2.89033
 0.21 0 10.0024 -0.389211 0 -2.84835
 0.21 0 10.0124 -0.399581 0 -2.80562
 0.21 0 10.0224 -0.408987 0 -2.76211
 0.21 0 10.0324 -0.416567 0 -2.71635
 0.21 0 10.0424 -0.421975 0 -2.66774
 0.21 0 10.0524 -0.427176 0 -2.62149
 0.21 0 10.0624 -0.432336 0 -2.57548
 0.22 0 9.46239 -0.367509 0 -3.2526
 0.22 0 9.47239 -0.308047 0 -3.07942
 0.22 0 9.48239 -0.240985 0 -2.99393
 0.22 0 9.49239 -0.183623 0 -2.94887
 0.22 0 9.50239 -0.0804765 0 -2.93984
 0.22 0 9.51239 -0.00461762 0 -2.94536
 0.22 0 9.52239 0.0330333 0 -2.95953
 0.22 0 9.53239 0.0575222 0 -2.98111
 0.22 0 9.54239 0.0732414 0 -3.00529
 0.22 0 9.55239 0.0884487 0 -3.02977
 0.22 0 9.56239 0.103144 0 -3.05457
 0.22 0 9.57239 0.117328 0 -3.07968
 0.22 0 9.58239 0.134829 0 -3.11181
 0.22 0 9.59239 0.131455 0 -3.14158
 0.22 0 9.60239 0.13154 0 -3.16599
 0.22 0 9.61239 0.131068 0 -3.18895
 0.22 0 9.62239 0.13004 0 -3.21046
 0.22 0 9.63239 0.128455 0 -3.23053
 0.22 0 9.64239 0.12255 0 -3.24845
 0.22 0 9.65239 0.114929 0 -3.26527
 0.22 0 9.66239 0.105998 0 -3.28122
 0.22 0 9.67239 0.0940834 0 -3.29633
 0.22 0 9.68239 0.0813008 0 -3.31072
 0.22 0 9.69239 0.0696756 0 -3.32225
 0.22 0 9.70239 0.0596639 0 -3.33101
 0.22 0 9.71239 0.0490342 0 -3.33955
 0.22 0 9.72239 0.0377865 0 -3.34787
 0.22 0 9.73239 0.0236134 0 -3.35485
 0.22 0 9.74239 0.00385 0 -3.35924
 0.22 0 9.75239 -0.0116965 0 -3.36028
 0.22 0 9.76239 -0.024275 0 -3.3591
 0.22 0 9.77239 -0.037015 0 -3.35794
 0.22 0 9.78239 -0.0499166 0 -3.35681
 0.22 0 9.79239 -0.0629798 0 -3.3557
 0.22 0 9.80239 -0.0845731 0 -3.35047
 0.22 0 9.81239 -0.107504 0 -3.34464
 0.22 0 9.82239 -0.122477 0 -3.33347
 0.22 0 9.83239 -0.136297 0 -3.32146
 0.22 0 9.84239 -0.149848 0 -3.30919
 0.22 0 9.85239 -0.163128 0 -3.29668
 0.22 0 9.86239 -0.180798 0 -3.28195
 0.22 0 9.87239 -0.204515 0 -3.26415
 0.22 0 9.88239 -0.227556 0 -3.24607
 0.22 0 9.89239 -0.2419 0 -3.2238
 0.22 0 9.90239 -0.254946 0 -3.20033
 0.22 0 9.91239 -0.268512 0 -3.17649
 0.22 0 9.92239 -0.28647 0 -3.15003
 0.22 0 9.93239 -0.310781 0 -3.11992
 0.22 0 9.94239 -0.327497 0 -3.08662
 0.22 0 9.95239 -0.341231 0 -3.0525
 0.22 0 9.96239 -0.354546 0 -3.0185
 0.22 0 9.97239 -0.36744 0 -2.98462
 0.22 0 9.98239 -0.388059 0 -2.94415
 0.22 0 9.99239 -0.404704 0 -2.90266
 0.22 0 10.0024 -0.415966 0 -2.85964
 0.22 0 10.0124 -0.426264 0 -2.81584
 0.22 0 10.0224 -0.435597 0 -2.77128
 0.22 0 10.0324 -0.443112 0 -2.72385
 0.22 0 10.0424 -0.44911 0 -2.67445
 0.22 0 10.0524 -0.453908 0 -2.62389
 0.22 0 10.0624 -0.459196 0 -2.57666
 0.23 0 9.46239 -0.522585 0 -3.31397
 0.23 0 9.47239 -0.436212 0 -3.0312
 0.23 0 9.48239 -0.291377 0 -2.93235
 0.23 0 9.49239 -0.184369 0 -2.90649
 0.23 0 9.50239 -0.0817448 0 -2.89577
 0.23 0 9.51239 0.0164954 0 -2.90019
 0.23 0 9.52239 0.0566342 0 -2.92073
 0.23 0 9.53239 0.0769448 0 -2.94634
 0.23 0 9.54239 0.0929285 0 -2.97231
 0.23 0 9.55239 0.1084 0 -2.99859
 0.23 0 9.56239 0.128084 0 -3.03622
 0.23 0 9.57239 0.146555 0 -3.07321
 0.23 0 9.58239 0.163436 0 -3.10869
 0.23 0 9.59239 0.158667 0 -3.13932
 0.23 0 9.60239 0.152209 0 -3.16801
 0.23 0 9.61239 0.145945 0 -3.19508
 0.23 0 9.62239 0.143388 0 -3.21742
 0.23 0 9.63239 0.140999 0 -3.23772
 0.23 0 9.64239 0.135253 0 -3.25638
 0.23 0 9.65239 0.126414 0 -3.27392
 0.23 0 9.66239 0.115128 0 -3.29056
 0.23 0 9.67239 0.102975 0 -3.30647
 0.23 0 9.68239 0.0899549 0 -3.32165
 0.23 0 9.69239 0.0766873 0 -3.33552
 0.23 0 9.70239 0.066993 0 -3.34498
 0.23 0 9.71239 0.0566807 0 -3.35421
 0.23 0 9.72239 0.0451649 0 -3.3629
 0.23 0 9.73239 0.0263457 0 -3.36783
 0.23 0 9.74239 0.0070879 0 -3.37265
 0.23 0 9.75239 -0.0122088 0 -3.37709
 0.23 0 9.76239 -0.0240283 0 -3.37612
 0.23 0 9.77239 -0.0360094 0 -3.37518
 0.23 0 9.78239 -0.0481521 0 -3.37427
 0.23 0 9.79239 -0.0644145 0 -3.37134
 0.23 0 9.80239 -0.0866198 0 -3.36544
 0.23 0 9.81239 -0.108774 0 -3.35964
 0.23 0 9.82239 -0.129576 0 -3.35298
 0.23 0 9.83239 -0.142741 0 -3.34081
 0.23 0 9.84239 -0.155637 0 -3.3284
 0.23 0 9.85239 -0.168263 0 -3.31573
 0.23 0 9.86239 -0.189886 0 -3.2988
 0.23 0 9.87239 -0.212913 0 -3.28071
 0.23 0 9.88239 -0.235264 0 -3.26233
 0.23 0 9.89239 -0.254413 0 -3.2426
 0.23 0 9.90239 -0.266514 0 -3.21947
 0.23 0 9.91239 -0.280223 0 -3.19536
 0.23 0 9.92239 -0.302889 0 -3.16632
 0.23 0 9.93239 -0.326474 0 -3.13686
 0.23 0 9.94239 -0.347526 0 -3.10564
 0.23 0 9.95239 -0.360477 0 -3.07123
 0.23 0 9.96239 -0.373009 0 -3.03694
 0.23 0 9.97239 -0.389278 0 -2.99926
 0.23 0 9.98239 -0.409933 0 -2.95725
 0.23 0 9.99239 -0.42941 0 -2.91549
 0.23 0 10.0024 -0.442789 0 -2.87209
 0.23 0 10.0124 -0.453014 0 -2.82724
 0.23 0 10.0224 -0.462274 0 -2.78162
 0.23 0 10.0324 -0.470077 0 -2.73267
 0.23 0 10.0424 -0.476666 0 -2.68248
 0.23 0 10.0524 -0.482055 0 -2.63114
 0.23 0 10.0624 -0.486243 0 -2.57864
 0.24 0 9.46239 -0.683114 0 -2.69405
 0.24 0 9.47239 -0.454118 0 -2.67794
 0.24 0 9.48239 -0.319801 0 -2.7462
 0.24 0 9.49239 -0.196165 0 -2.80211
 0.24 0 9.50239 -0.0832113 0 -2.84564
 0.24 0 9.51239 0.016358 0 -2.85877
 0.24 0 9.52239 0.0824995 0 -2.87985
 0.24 0 9.53239 0.0997756 0 -2.90874
 0.24 0 9.54239 0.121166 0 -2.95144
 0.24 0 9.55239 0.140967 0 -2.99264
 0.24 0 9.56239 0.159178 0 -3.03234
 0.24 0 9.57239 0.175801 0 -3.07053
 0.24 0 9.58239 0.190834 0 -3.10723
 0.24 0 9.59239 0.185129 0 -3.1384
 0.24 0 9.60239 0.177282 0 -3.16747
 0.24 0 9.61239 0.169628 0 -3.19491
 0.24 0 9.62239 0.162168 0 -3.22071
 0.24 0 9.63239 0.1549 0 -3.24489
 0.24 0 9.64239 0.147032 0 -3.26541
 0.24 0 9.65239 0.136376 0 -3.28358
 0.24 0 9.66239 0.124853 0 -3.30101
 0.24 0 9.67239 0.112462 0 -3.31772
 0.24 0 9.68239 0.0992033 0 -3.3337
 0.24 0 9.69239 0.0850772 0 -3.34894
 0.24 0 9.70239 0.074507 0 -3.36007
 0.24 0 9.71239 0.0645121 0 -3.36999
 0.24 0 9.72239 0.0477597 0 -3.37612
 0.24 0 9.73239 0.0294461 0 -3.38148
 0.24 0 9.74239 0.0106939 0 -3.38674
 0.24 0 9.75239 -0.00849693 0 -3.39189
 0.24 0 9.76239 -0.0237719 0 -3.39403
 0.24 0 9.77239 -0.0349941 0 -3.3933
 0.24 0 9.78239 -0.0463778 0 -3.3926
 0.24 0 9.79239 -0.0672711 0 -3.38694
 0.24 0 9.80239 -0.0887001 0 -3.38106
 0.24 0 9.81239 -0.110078 0 -3.37528
 0.24 0 9.82239 -0.131406 0 -3.3696
 0.24 0 9.83239 -0.14916 0 -3.36128
 0.24 0 9.84239 -0.161401 0 -3.34871
 0.24 0 9.85239 -0.175971 0 -3.33476
 0.24 0 9.86239 -0.198986 0 -3.31665
 0.24 0 9.87239 -0.221324 0 -3.29826
 0.24 0 9.88239 -0.242985 0 -3.27959
 0.24 0 9.89239 -0.263969 0 -3.26065
 0.24 0 9.90239 -0.278004 0 -3.23892
 0.24 0 9.91239 -0.2974 0 -3.21179
 0.24 0 9.92239 -0.319341 0 -3.18339
 0.24 0 9.93239 -0.342201 0 -3.15457
 0.24 0 9.94239 -0.36598 0 -3.12532
 0.24 0 9.95239 -0.380093 0 -3.09148
 0.24 0 9.96239 -0.391841 0 -3.05691
 0.24 0 9.97239 -0.412491 0 -3.01414
 0.24 0 9.98239 -0.432636 0 -2.97103
 0.24 0 9.99239 -0.451603 0 -2.92818
 0.24 0 10.0024 -0.469393 0 -2.88557
 0.24 0 10.0124 -0.47983 0 -2.8398
 0.24 0 10.0224 -0.489084 0 -2.79266
 0.24 0 10.0324 -0.497464 0 -2.74283
 0.24 0 10.0424 -0.504643 0 -2.69185
 0.24 0 10.0524 -0.510622 0 -2.63972
 0.24 0 10.0624 -0.515401 0 -2.58643
 0.25 0 9.46239 -0.583642 0 -2.13787
 0.25 0 9.47239 -0.33818 0 -2.30193
 0.25 0 9.48239 -0.221348 0 -2.43925
 0.25 0 9.49239 -0.114571 0 -2.58224
 0.25 0 9.50239 -0.0157082 0 -2.69717
 0.25 0 9.51239 0.0752399 0 -2.78405
 0.25 0 9.52239 0.120609 0 -2.84809
 0.25 0 9.53239 0.135205 0 -2.90289
 0.25 0 9.54239 0.154747 0 -2.9468
 0.25 0 9.55239 0.172699 0 -2.98921
 0.25 0 9.56239 0.189062 0 -3.03012
 0.25 0 9.57239 0.203836 0 -3.06952
 0.25 0 9.58239 0.217021 0 -3.10742
 0.25 0 9.59239 0.210359 0 -3.13917
 0.25 0 9.60239 0.201123 0 -3.16862
 0.25 0 9.61239 0.192081 0 -3.19644
 0.25 0 9.62239 0.183231 0 -3.22262
 0.25 0 9.63239 0.173164 0 -3.25102
 0.25 0 9.64239 0.162196 0 -3.27615
 0.25 0 9.65239 0.149779 0 -3.29496
 0.25 0 9.66239 0.136577 0 -3.31294
 0.25 0 9.67239 0.122591 0 -3.3301
 0.25 0 9.68239 0.109046 0 -3.34686
 0.25 0 9.69239 0.0946821 0 -3.3629
 0.25 0 9.70239 0.082206 0 -3.3763
 0.25 0 9.71239 0.068092 0 -3.3841
 0.25 0 9.72239 0.0507226 0 -3.39001
 0.25 0 9.73239 0.0329146 0 -3.39581
 0.25 0 9.74239 0.014668 0 -3.4015
 0.25 0 9.75239 -0.00401725 0 -3.40708
 0.25 0 9.76239 -0.0231411 0 -3.41256
 0.25 0 9.77239 -0.0339689 0 -3.41229
 0.25 0 9.78239 -0.0494579 0 -3.40913
 0.25 0 9.79239 -0.0701613 0 -3.40318
 0.25 0 9.80239 -0.090814 0 -3.39733
 0.25 0 9.81239 -0.111416 0 -3.39157
 0.25 0 9.82239 -0.131967 0 -3.38591
 0.25 0 9.83239 -0.152468 0 -3.38035
 0.25 0 9.84239 -0.167139 0 -3.37013
 0.25 0 9.85239 -0.185775 0 -3.35391
 0.25 0 9.86239 -0.2081 0 -3.3355
 0.25 0 9.87239 -0.229748 0 -3.31682
 0.25 0 9.88239 -0.250719 0 -3.29785
 0.25 0 9.89239 -0.271867 0 -3.27885
 0.25 0 9.90239 -0.292944 0 -3.25711
 0.25 0 9.91239 -0.314611 0 -3.229
 0.25 0 9.92239 -0.335826 0 -3.20124
 0.25 0 9.93239 -0.35796 0 -3.17306
 0.25 0 9.94239 -0.381014 0 -3.14446
 0.25 0 9.95239 -0.400077 0 -3.11324
 0.25 0 9.96239 -0.41572 0 -3.07414
 0.25 0 9.97239 -0.436532 0 -3.02969
 0.25 0 9.98239 -0.456167 0 -2.98549
 0.25 0 9.99239 -0.474624 0 -2.94154
 0.25 0 10.0024 -0.491905 0 -2.89784
 0.25 0 10.0124 -0.506714 0 -2.85353
 0.25 0 10.0224 -0.516301 0 -2.80493
 0.25 0 10.0324 -0.525272 0 -2.75432
 0.25 0 10.0424 -0.533042 0 -2.70255
 0.25 0 10.0524 -0.540615 0 -2.64889
 0.25 0 10.0624 -0.54806 0 -2.593
 0.26 0 9.46239 -0.228702 0 -2.06961
 0.26 0 9.47239 -0.169041 0 -2.24978
 0.26 0 9.48239 -0.0695159 0 -2.41688
 0.26 0 9.49239 0.0220951 0 -2.55594
 0.26 0 9.50239 0.105792 0 -2.66694
 0.26 0 9.51239 0.160927 0 -2.75061
 0.26 0 9.52239 0.17628 0 -2.82109
 0.26 0 9.53239 0.185979 0 -2.88
 0.26 0 9.54239 0.194518 0 -2.93583
 0.26 0 9.55239 0.203221 0 -2.98744
 0.26 0 9.56239 0.217736 0 -3.02955
 0.26 0 9.57239 0.230661 0 -3.07016
 0.26 0 9.58239 0.241997 0 -3.10927
 0.26 0 9.59239 0.234357 0 -3.14164
 0.26 0 9.60239 0.223733 0 -3.17147
 0.26 0 9.61239 0.213097 0 -3.2014
 0.26 0 9.62239 0.201911 0 -3.23256
 0.26 0 9.63239 0.190335 0 -3.26197
 0.26 0 9.64239 0.178354 0 -3.28883
 0.26 0 9.65239 0.165632 0 -3.30851
 0.26 0 9.66239 0.152125 0 -3.32736
 0.26 0 9.67239 0.137834 0 -3.34539
 0.26 0 9.68239 0.122758 0 -3.3626
 0.26 0 9.69239 0.106898 0 -3.37899
 0.26 0 9.70239 0.0876118 0 -3.39263
 0.26 0 9.71239 0.0711052 0 -3.39877
 0.26 0 9.72239 0.0541388 0 -3.4048
 0.26 0 9.73239 0.0367512 0 -3.41081
 0.26 0 9.74239 0.0190102 0 -3.41693
 0.26 0 9.75239 0.000830535 0 -3.42295
 0.26 0 9.76239 -0.0177877 0 -3.42886
 0.26 0 9.77239 -0.0331802 0 -3.43201
 0.26 0 9.78239 -0.053158 0 -3.42599
 0.26 0 9.79239 -0.0730851 0 -3.42007
 0.26 0 9.80239 -0.0929615 0 -3.41424
 0.26 0 9.81239 -0.112787 0 -3.40851
 0.26 0 9.82239 -0.132562 0 -3.40287
 0.26 0 9.83239 -0.152229 0 -3.39759
 0.26 0 9.84239 -0.172312 0 -3.39219
 0.26 0 9.85239 -0.196321 0 -3.37523
 0.26 0 9.86239 -0.218808 0 -3.35708
 0.26 0 9.87239 -0.240915 0 -3.3385
 0.26 0 9.88239 -0.262643 0 -3.31949
 0.26 0 9.89239 -0.283991 0 -3.30004
 0.26 0 9.90239 -0.304961 0 -3.27861
 0.26 0 9.91239 -0.326264 0 -3.25154
 0.26 0 9.92239 -0.348338 0 -3.22376
 0.26 0 9.93239 -0.371183 0 -3.19528
 0.26 0 9.94239 -0.3948 0 -3.16609
 0.26 0 9.95239 -0.419188 0 -3.1362
 0.26 0 9.96239 -0.441475 0 -3.09169
 0.26 0 9.97239 -0.46209 0 -3.04629
 0.26 0 9.98239 -0.481542 0 -3.00113
 0.26 0 9.99239 -0.499832 0 -2.95619
 0.26 0 10.0024 -0.516961 0 -2.9115
 0.26 0 10.0124 -0.532927 0 -2.86703
 0.26 0 10.0224 -0.547537 0 -2.8167
 0.26 0 10.0324 -0.5592 0 -2.76369
 0.26 0 10.0424 -0.569692 0 -2.70913
 0.26 0 10.0524 -0.579015 0 -2.65301
 0.26 0 10.0624 -0.587169 0 -2.59533
 0.27 0 9.46239 -0.0167401 0 -2.07483
 0.27 0 9.47239 -0.00270702 0 -2.23497
 0.27 0 9.48239 0.0685593 0 -2.39487
 0.27 0 9.49239 0.145004 0 -2.53
 0.27 0 9.50239 0.205703 0 -2.63612
 0.27 0 9.51239 0.222753 0 -2.72133
 0.27 0 9.52239 0.234479 0 -2.79834
 0.27 0 9.53239 0.241132 0 -2.86063
 0.27 0 9.54239 0.246363 0 -2.91812
 0.27 0 9.55239 0.250492 0 -2.97269
 0.27 0 9.56239 0.25352 0 -3.02433
 0.27 0 9.57239 0.256276 0 -3.07247
 0.27 0 9.58239 0.265764 0 -3.11279
 0.27 0 9.59239 0.257124 0 -3.14581
 0.27 0 9.60239 0.245324 0 -3.18027
 0.27 0 9.61239 0.233201 0 -3.21357
 0.27 0 9.62239 0.220689 0 -3.24513
 0.27 0 9.63239 0.207789 0 -3.27494
 0.27 0 9.64239 0.194501 0 -3.303
 0.27 0 9.65239 0.181426 0 -3.32389
 0.27 0 9.66239 0.167614 0 -3.34361
 0.27 0 9.67239 0.153017 0 -3.36251
 0.27 0 9.68239 0.137636 0 -3.38059
 0.27 0 9.69239 0.117893 0 -3.39605
 0.27 0 9.70239 0.0937958 0 -3.40909
 0.27 0 9.71239 0.0754861 0 -3.41739
 0.27 0 9.72239 0.0591506 0 -3.42386
 0.27 0 9.73239 0.0423551 0 -3.43022
 0.27 0 9.74239 0.0250998 0 -3.43647
 0.27 0 9.75239 0.00738461 0 -3.4426
 0.27 0 9.76239 -0.0107905 0 -3.44862
 0.27 0 9.77239 -0.0358021 0 -3.45135
 0.27 0 9.78239 -0.0566436 0 -3.447
 0.27 0 9.79239 -0.0756625 0 -3.44145
 0.27 0 9.80239 -0.0946124 0 -3.436
 0.27 0 9.81239 -0.113493 0 -3.43065
 0.27 0 9.82239 -0.132305 0 -3.4254
 0.27 0 9.83239 -0.151048 0 -3.42025
 0.27 0 9.84239 -0.175775 0 -3.41178
 0.27 0 9.85239 -0.2067 0 -3.39968
 0.27 0 9.86239 -0.23075 0 -3.38216
 0.27 0 9.87239 -0.252856 0 -3.36304
 0.27 0 9.88239 -0.274583 0 -3.34349
 0.27 0 9.89239 -0.29593 0 -3.3235
 0.27 0 9.90239 -0.316836 0 -3.30221
 0.27 0 9.91239 -0.337742 0 -3.2762
 0.27 0 9.92239 -0.359419 0 -3.24948
 0.27 0 9.93239 -0.381867 0 -3.22206
 0.27 0 9.94239 -0.405087 0 -3.19394
 0.27 0 9.95239 -0.440874 0 -3.15687
 0.27 0 9.96239 -0.474176 0 -3.11599
 0.27 0 9.97239 -0.494435 0 -3.06934
 0.27 0 9.98239 -0.513532 0 -3.02293
 0.27 0 9.99239 -0.531467 0 -2.97674
 0.27 0 10.0024 -0.54824 0 -2.93079
 0.27 0 10.0124 -0.564391 0 -2.88435
 0.27 0 10.0224 -0.583386 0 -2.8281
 0.27 0 10.0324 -0.59705 0 -2.77148
 0.27 0 10.0424 -0.608251 0 -2.71513
 0.27 0 10.0524 -0.618282 0 -2.65722
 0.27 0 10.0624 -0.627144 0 -2.59775
 0.28 0 9.46239 0.163499 0 -2.08115
 0.28 0 9.47239 0.172081 0 -2.22941
 0.28 0 9.48239 0.192878 0 -2.37322
 0.28 0 9.49239 0.254157 0 -2.50441
 0.28 0 9.50239 0.27408 0 -2.60477
 0.28 0 9.51239 0.287504 0 -2.69651
 0.28 0 9.52239 0.295605 0 -2.78005
 0.28 0 9.53239 0.299014 0 -2.84708
 0.28 0 9.54239 0.300938 0 -2.90624
 0.28 0 9.55239 0.301759 0 -2.96247
 0.28 0 9.56239 0.301479 0 -3.01577
 0.28 0 9.57239 0.300097 0 -3.06614
 0.28 0 9.58239 0.29529 0 -3.1169
 0.28 0 9.59239 0.280095 0 -3.15861
 0.28 0 9.60239 0.267035 0 -3.19407
 0.28 0 9.61239 0.253587 0 -3.22777
 0.28 0 9.62239 0.23975 0 -3.25973
 0.28 0 9.63239 0.225525 0 -3.28993
 0.28 0 9.64239 0.210912 0 -3.31839
 0.28 0 9.65239 0.197162 0 -3.3411
 0.28 0 9.66239 0.183044 0 -3.36169
 0.28 0 9.67239 0.168142 0 -3.38146
 0.28 0 9.68239 0.148708 0 -3.39816
 0.28 0 9.69239 0.125258 0 -3.41225
 0.28 0 9.70239 0.101336 0 -3.42594
 0.28 0 9.71239 0.0801284 0 -3.43708
 0.28 0 9.72239 0.0644238 0 -3.44399
 0.28 0 9.73239 0.0482593 0 -3.45079
 0.28 0 9.74239 0.0316348 0 -3.45748
 0.28 0 9.75239 0.0145505 0 -3.46405
 0.28 0 9.76239 -0.00668147 0 -3.46862
 0.28 0 9.77239 -0.0341475 0 -3.47002
 0.28 0 9.78239 -0.0602051 0 -3.47016
 0.28 0 9.79239 -0.0783144 0 -3.46467
 0.28 0 9.80239 -0.0963547 0 -3.45928
 0.28 0 9.81239 -0.114326 0 -3.454
 0.28 0 9.82239 -0.132228 0 -3.44881
 0.28 0 9.83239 -0.150061 0 -3.44372
 0.28 0 9.84239 -0.179678 0 -3.43227
 0.28 0 9.85239 -0.210017 0 -3.42023
 0.28 0 9.86239 -0.240524 0 -3.40788
 0.28 0 9.87239 -0.264612 0 -3.38987
 0.28 0 9.88239 -0.286338 0 -3.36978
 0.28 0 9.89239 -0.307685 0 -3.34926
 0.28 0 9.90239 -0.328569 0 -3.32791
 0.28 0 9.91239 -0.349078 0 -3.30296
 0.28 0 9.92239 -0.370357 0 -3.2773
 0.28 0 9.93239 -0.392408 0 -3.25094
 0.28 0 9.94239 -0.425256 0 -3.21593
 0.28 0 9.95239 -0.462735 0 -3.17791
 0.28 0 9.96239 -0.500033 0 -3.14083
 0.28 0 9.97239 -0.525342 0 -3.09662
 0.28 0 9.98239 -0.544084 0 -3.04895
 0.28 0 9.99239 -0.561664 0 -3.00152
 0.28 0 10.0024 -0.578081 0 -2.95431
 0.28 0 10.0124 -0.59715 0 -2.90354
 0.28 0 10.0224 -0.618207 0 -2.84451
 0.28 0 10.0324 -0.635327 0 -2.78094
 0.28 0 10.0424 -0.647676 0 -2.72121
 0.28 0 10.0524 -0.658415 0 -2.66151
 0.28 0 10.0624 -0.667985 0 -2.60025
 0.29 0 9.46239 0.312015 0 -2.08854
 0.29 0 9.47239 0.315146 0 -2.22493
 0.29 0 9.48239 0.321325 0 -2.35631
 0.29 0 9.49239 0.330262 0 -2.4714
 0.29 0 9.50239 0.345382 0 -2.57786
 0.29 0 9.51239 0.35518 0 -2.67614
 0.29 0 9.52239 0.359656 0 -2.76621
 0.29 0 9.53239 0.359628 0 -2.83935
 0.29 0 9.54239 0.358244 0 -2.90017
 0.29 0 9.55239 0.355757 0 -2.95806
 0.29 0 9.56239 0.350465 0 -3.01498
 0.29 0 9.57239 0.339644 0 -3.07406
 0.29 0 9.58239 0.329216 0 -3.12849
 0.29 0 9.59239 0.312421 0 -3.17073
 0.29 0 9.60239 0.293682 0 -3.20846
 0.29 0 9.61239 0.274699 0 -3.24388
 0.29 0 9.62239 0.259093 0 -3.27635
 0.29 0 9.63239 0.243543 0 -3.30695
 0.29 0 9.64239 0.227605 0 -3.33581
 0.29 0 9.65239 0.212838 0 -3.36014
 0.29 0 9.66239 0.198416 0 -3.38161
 0.29 0 9.67239 0.179301 0 -3.39949
 0.29 0 9.68239 0.1565 0 -3.41465
 0.29 0 9.69239 0.133226 0 -3.4294
 0.29 0 9.70239 0.109479 0 -3.44374
 0.29 0 9.71239 0.0852586 0 -3.45768
 0.29 0 9.72239 0.0699585 0 -3.46518
 0.29 0 9.73239 0.0544248 0 -3.47243
 0.29 0 9.74239 0.0384313 0 -3.47955
 0.29 0 9.75239 0.0210745 0 -3.48609
 0.29 0 9.76239 -0.00550218 0 -3.48781
 0.29 0 9.77239 -0.0322847 0 -3.48941
 0.29 0 9.78239 -0.0592732 0 -3.4909
 0.29 0 9.79239 -0.0811606 0 -3.48871
 0.29 0 9.80239 -0.0982913 0 -3.48338
 0.29 0 9.81239 -0.115353 0 -3.47816
 0.29 0 9.82239 -0.132346 0 -3.47303
 0.29 0 9.83239 -0.154438 0 -3.46534
 0.29 0 9.84239 -0.184022 0 -3.45365
 0.29 0 9.85239 -0.213774 0 -3.44166
 0.29 0 9.86239 -0.243695 0 -3.42937
 0.29 0 9.87239 -0.273785 0 -3.41678
 0.29 0 9.88239 -0.297908 0 -3.39836
 0.29 0 9.89239 -0.319254 0 -3.3773
 0.29 0 9.90239 -0.34016 0 -3.3557
 0.29 0 9.91239 -0.360271 0 -3.33181
 0.29 0 9.92239 -0.381154 0 -3.30722
 0.29 0 9.93239 -0.411035 0 -3.27464
 0.29 0 9.94239 -0.44751 0 -3.23681
 0.29 0 9.95239 -0.483805 0 -3.19994
 0.29 0 9.96239 -0.51992 0 -3.164
 0.29 0 9.97239 -0.554811 0 -3.12812
 0.29 0 9.98239 -0.573197 0 -3.0792
 0.29 0 9.99239 -0.590421 0 -3.03051
 0.29 0 10.0024 -0.606484 0 -2.98206
 0.29 0 10.0124 -0.630415 0 -2.92647
 0.29 0 10.0224 -0.653536 0 -2.86464
 0.29 0 10.0324 -0.672718 0 -2.79829
 0.29 0 10.0424 -0.687964 0 -2.72741
 0.29 0 10.0524 -0.699415 0 -2.66588
 0.29 0 10.0624 -0.709693 0 -2.60284
 0.3 0 9.46239 0.42901 0 -2.09288
 0.3 0 9.47239 0.42705 0 -2.22229
 0.3 0 9.48239 0.429335 0 -2.35126
 0.3 0 9.49239 0.430532 0 -2.46139
 0.3 0 9.50239 0.429319 0 -2.56307
 0.3 0 9.51239 0.426472 0 -2.6607
 0.3 0 9.52239 0.426633 0 -2.75683
 0.3 0 9.53239 0.422972 0 -2.83743
 0.3 0 9.54239 0.418269 0 -2.89992
 0.3 0 9.55239 0.403928 0 -2.96798
 0.3 0 9.56239 0.389981 0 -3.03138
 0.3 0 9.57239 0.376429 0 -3.09014
 0.3 0 9.58239 0.363271 0 -3.14424
 0.3 0 9.59239 0.344887 0 -3.18696
 0.3 0 9.60239 0.324717 0 -3.22518
 0.3 0 9.61239 0.304302 0 -3.26109
 0.3 0 9.62239 0.283643 0 -3.2947
 0.3 0 9.63239 0.262741 0 -3.326
 0.3 0 9.64239 0.244581 0 -3.35525
 0.3 0 9.65239 0.228456 0 -3.38102
 0.3 0 9.66239 0.209672 0 -3.40004
 0.3 0 9.67239 0.18752 0 -3.41627
 0.3 0 9.68239 0.164894 0 -3.43208
 0.3 0 9.69239 0.141795 0 -3.44749
 0.3 0 9.70239 0.118223 0 -3.46249
 0.3 0 9.71239 0.0941784 0 -3.47708
 0.3 0 9.72239 0.0757546 0 -3.48744
 0.3 0 9.73239 0.0608518 0 -3.49512
 0.3 0 9.74239 0.0454892 0 -3.50269
 0.3 0 9.75239 0.0217785 0 -3.5058
 0.3 0 9.76239 -0.00411474 0 -3.50773
 0.3 0 9.77239 -0.0302138 0 -3.50953
 0.3 0 9.78239 -0.0565188 0 -3.51122
 0.3 0 9.79239 -0.0830297 0 -3.51279
 0.3 0 9.80239 -0.100422 0 -3.50829
 0.3 0 9.81239 -0.116574 0 -3.50313
 0.3 0 9.82239 -0.132657 0 -3.49807
 0.3 0 9.83239 -0.159808 0 -3.48756
 0.3 0 9.84239 -0.188806 0 -3.47593
 0.3 0 9.85239 -0.217972 0 -3.46399
 0.3 0 9.86239 -0.247307 0 -3.45176
 0.3 0 9.87239 -0.27681 0 -3.43922
 0.3 0 9.88239 -0.306481 0 -3.42638
 0.3 0 9.89239 -0.330638 0 -3.40763
 0.3 0 9.90239 -0.351603 0 -3.38559
 0.3 0 9.91239 -0.371322 0 -3.36277
 0.3 0 9.92239 -0.398211 0 -3.33298
 0.3 0 9.93239 -0.433683 0 -3.29536
 0.3 0 9.94239 -0.468975 0 -3.25869
 0.3 0 9.95239 -0.504086 0 -3.22295
 0.3 0 9.96239 -0.539017 0 -3.18817
 0.3 0 9.97239 -0.573768 0 -3.15432
 0.3 0 9.98239 -0.600872 0 -3.11367
 0.3 0 9.99239 -0.617741 0 -3.06373
 0.3 0 10.0024 -0.635067 0 -3.01322
 0.3 0 10.0124 -0.664188 0 -2.95312
 0.3 0 10.0224 -0.689371 0 -2.8885
 0.3 0 10.0324 -0.710617 0 -2.81935
 0.3 0 10.0424 -0.727925 0 -2.74568
 0.3 0 10.0524 -0.741282 0 -2.67034
 0.3 0 10.0624 -0.752268 0 -2.60551
