# x y z bx by bz
 0 0 10.0724 0 0 -2.99236
 0 0 10.0824 0 0 -2.98166
 0 0 10.0924 0 0 -2.97063
 0 0 10.1024 0 0 -2.95928
 0 0 10.1124 0 0 -2.94759
 0 0 10.1224 0 0 -2.93558
 0 0 10.1324 0 0 -2.92324
 0 0 10.1424 2.60633e-18 0 -2.90612
 0 0 10.1524 2.51709e-18 0 -2.88851
 0 0 10.1624 2.42785e-18 0 -2.87076
 0 0 10.1724 2.33862e-18 0 -2.85285
 0 0 10.1824 2.24938e-18 0 -2.8348
 0 0 10.1924 2.16014e-18 0 -2.81659
 0 0 10.2024 2.66476e-18 0 -2.79752
 0 0 10.2124 2.71563e-18 0 -2.77653
 0 0 10.2224 2.7665e-18 0 -2.75548
 0 0 10.2324 2.81737e-18 0 -2.73437
 0 0 10.2424 2.86824e-18 0 -2.71319
 0 0 10.2524 2.91911e-18 0 -2.69196
 0 0 10.2624 2.96998e-18 0 -2.67065
 0 0 10.2724 0 0 -2.65083
 0 0 10.2824 0 0 -2.63199
 0 0 10.2924 0 0 -2.61324
 0 0 10.3024 0 0 -2.59457
 0 0 10.3124 0 0 -2.57598
 0 0 10.3224 0 0 -2.55749
 0 0 10.3324 0 0 -2.53908
 0 0 10.3424 0 0 -2.52344
 0 0 10.3524 0 0 -2.50788
 0 0 10.3624 0 0 -2.49233
 0 0 10.3724 0 0 -2.47677
 0 0 10.3824 0 0 -2.46121
 0 0 10.3924 0 0 -2.44564
 0 0 10.4024 0 0 -2.43076
 0 0 10.4124 0 0 -2.41733
 0 0 10.4224 0 0 -2.40392
 0 0 10.4324 0 0 -2.39053
 0 0 10.4424 0 0 -2.37716
 0 0 10.4524 0 0 -2.36381
 0 0 10.4624 0 0 -2.35047
 0 0 10.4724 -1.10503e-18 0 -2.33896
 0 0 10.4824 -1.21464e-18 0 -2.32848
 0 0 10.4924 -1.32426e-18 0 -2.31814
 0 0 10.5024 -1.43387e-18 0 -2.30795
 0 0 10.5124 -1.54348e-18 0 -2.2979
 0 0 10.5224 -1.6531e-18 0 -2.28799
 0 0 10.5324 6.63607e-19 0 -2.27826
 0 0 10.5424 7.27756e-19 0 -2.27202
 0 0 10.5524 7.91904e-19 0 -2.26578
 0 0 10.5624 8.56053e-19 0 -2.25953
 0 0 10.5724 9.20201e-19 0 -2.25329
 0 0 10.5824 9.8435e-19 0 -2.24705
 0 0 10.5924 1.0485e-18 0 -2.2408
 0 0 10.6024 0 0 -2.23508
 0 0 10.6124 0 0 -2.23027
 0 0 10.6224 0 0 -2.22541
 0 0 10.6324 0 0 -2.22051
 0 0 10.6424 0 0 -2.21556
 0 0 10.6524 0 0 -2.21057
 0 0 10.6624 0 0 -2.20554
 0 0 10.6724 0 0 -2.20004
 0 0 10.6824 0 0 -2.1944
 0 0 10.6924 0 0 -2.18879
 0 0 10.7024 0 0 -2.18322
 0 0 10.7124 0 0 -2.17768
 0 0 10.7224 0 0 -2.17219
 0 0 10.7324 -6.3557e-19 0 -2.16675
 0 0 10.7424 -6.48358e-19 0 -2.16162
 0 0 10.7524 -6.61147e-19 0 -2.15643
 0 0 10.7624 -6.73935e-19 0 -2.15117
 0 0 10.7724 -6.86723e-19 0 -2.14586
 0 0 10.7824 -6.99511e-19 0 -2.14049
 0 0 10.7924 -7.12299e-19 0 -2.13507
 0 0 10.8024 0 0 -2.12931
 0 0 10.8124 0 0 -2.12299
 0 0 10.8224 0 0 -2.11649
 0 0 10.8324 0 0 -2.10982
 0 0 10.8424 0 0 -2.10296
 0 0 10.8524 0 0 -2.09592
 0 0 10.8624 0 0 -2.0887
 0 0 10.8724 0 0 -2.07766
 0.01 0 10.0724 -0.00526867 0 -2.99236
 0.01 0 10.0824 -0.00506414 0 -2.98185
 0.01 0 10.0924 -0.00485961 0 -2.97102
 0.01 0 10.1024 -0.00465507 0 -2.95985
 0.01 0 10.1124 -0.00445054 0 -2.94836
 0.01 0 10.1224 -0.00424601 0 -2.93654
 0.01 0 10.1324 -0.00870034 0 -2.92267
 0.01 0 10.1424 -0.00944591 0 -2.90588
 0.01 0 10.1524 -0.00911166 0 -2.88847
 0.01 0 10.1624 -0.00877742 0 -2.87091
 0.01 0 10.1724 -0.00844317 0 -2.85319
 0.01 0 10.1824 -0.00810893 0 -2.83533
 0.01 0 10.1924 -0.00863109 0 -2.81695
 0.01 0 10.2024 -0.0102407 0 -2.79692
 0.01 0 10.2124 -0.0101789 0 -2.77613
 0.01 0 10.2224 -0.0103695 0 -2.75514
 0.01 0 10.2324 -0.01056 0 -2.73408
 0.01 0 10.2424 -0.0107505 0 -2.71297
 0.01 0 10.2524 -0.0109411 0 -2.69178
 0.01 0 10.2624 -0.0111316 0 -2.67054
 0.01 0 10.2724 -0.00819754 0 -2.65014
 0.01 0 10.2824 -0.0086163 0 -2.63128
 0.01 0 10.2924 -0.00903506 0 -2.6125
 0.01 0 10.3024 -0.00945383 0 -2.5938
 0.01 0 10.3124 -0.00987259 0 -2.57519
 0.01 0 10.3224 -0.0102914 0 -2.55667
 0.01 0 10.3324 -0.00825684 0 -2.5393
 0.01 0 10.3424 -0.00756334 0 -2.52339
 0.01 0 10.3524 -0.00772364 0 -2.50777
 0.01 0 10.3624 -0.00788395 0 -2.49214
 0.01 0 10.3724 -0.00804426 0 -2.47652
 0.01 0 10.3824 -0.00820456 0 -2.46089
 0.01 0 10.3924 -0.00821689 0 -2.44533
 0.01 0 10.4024 -0.0067829 0 -2.43074
 0.01 0 10.4124 -0.00627823 0 -2.41701
 0.01 0 10.4224 -0.00641074 0 -2.40367
 0.01 0 10.4324 -0.00654324 0 -2.39035
 0.01 0 10.4424 -0.00667575 0 -2.37705
 0.01 0 10.4524 -0.00680826 0 -2.36376
 0.01 0 10.4624 -0.00694076 0 -2.3505
 0.01 0 10.4724 -0.00451494 0 -2.33829
 0.01 0 10.4824 -0.00448405 0 -2.32761
 0.01 0 10.4924 -0.00489461 0 -2.31727
 0.01 0 10.5024 -0.00530517 0 -2.30707
 0.01 0 10.5124 -0.00571573 0 -2.29702
 0.01 0 10.5224 -0.00612629 0 -2.28711
 0.01 0 10.5324 -0.00388161 0 -2.27862
 0.01 0 10.5424 -0.00274451 0 -2.27176
 0.01 0 10.5524 -0.00298478 0 -2.26544
 0.01 0 10.5624 -0.00322505 0 -2.25913
 0.01 0 10.5724 -0.00346532 0 -2.25282
 0.01 0 10.5824 -0.00370559 0 -2.24651
 0.01 0 10.5924 -0.0036364 0 -2.24035
 0.01 0 10.6024 -0.00202183 0 -2.235
 0.01 0 10.6124 -0.00204345 0 -2.23023
 0.01 0 10.6224 -0.00206506 0 -2.2254
 0.01 0 10.6324 -0.00208668 0 -2.22054
 0.01 0 10.6424 -0.0021083 0 -2.21563
 0.01 0 10.6524 -0.00212991 0 -2.21067
 0.01 0 10.6624 -0.00247646 0 -2.20558
 0.01 0 10.6724 -0.00306288 0 -2.20013
 0.01 0 10.6824 -0.00304666 0 -2.19447
 0.01 0 10.6924 -0.00303044 0 -2.18884
 0.01 0 10.7024 -0.00301422 0 -2.18324
 0.01 0 10.7124 -0.002998 0 -2.17769
 0.01 0 10.7224 -0.00298178 0 -2.17218
 0.01 0 10.7324 -0.00261576 0 -2.16677
 0.01 0 10.7424 -0.0024369 0 -2.16156
 0.01 0 10.7524 -0.0024848 0 -2.15638
 0.01 0 10.7624 -0.00253269 0 -2.15113
 0.01 0 10.7724 -0.00258059 0 -2.14583
 0.01 0 10.7824 -0.00262849 0 -2.14047
 0.01 0 10.7924 -0.00270958 0 -2.13503
 0.01 0 10.8024 -0.00319672 0 -2.1293
 0.01 0 10.8124 -0.0029394 0 -2.12315
 0.01 0 10.8224 -0.00268208 0 -2.11683
 0.01 0 10.8324 -0.00242476 0 -2.11033
 0.01 0 10.8424 -0.00216745 0 -2.10364
 0.01 0 10.8524 -0.00191013 0 -2.09678
 0.01 0 10.8624 -0.00390702 0 -2.08874
 0.01 0 10.8724 -0.00648234 0 -2.07803
 0.02 0 10.0724 -0.0104436 0 -2.99294
 0.02 0 10.0824 -0.0100346 0 -2.98262
 0.02 0 10.0924 -0.0096255 0 -2.97198
 0.02 0 10.1024 -0.00921643 0 -2.96101
 0.02 0 10.1124 -0.00880737 0 -2.94971
 0.02 0 10.1224 -0.0119447 0 -2.93671
 0.02 0 10.1324 -0.0171929 0 -2.92272
 0.02 0 10.1424 -0.0182594 0 -2.90646
 0.02 0 10.1524 -0.0175909 0 -2.88924
 0.02 0 10.1624 -0.0169224 0 -2.87187
 0.02 0 10.1724 -0.0162539 0 -2.85434
 0.02 0 10.1824 -0.0163698 0 -2.83638
 0.02 0 10.1924 -0.0195515 0 -2.81689
 0.02 0 10.2024 -0.0207115 0 -2.79657
 0.02 0 10.2124 -0.0203914 0 -2.77564
 0.02 0 10.2224 -0.0207538 0 -2.7547
 0.02 0 10.2324 -0.0211349 0 -2.7337
 0.02 0 10.2424 -0.021516 0 -2.71264
 0.02 0 10.2524 -0.0218971 0 -2.69151
 0.02 0 10.2624 -0.0213261 0 -2.67055
 0.02 0 10.2724 -0.0184568 0 -2.65014
 0.02 0 10.2824 -0.0173405 0 -2.6304
 0.02 0 10.2924 -0.018178 0 -2.61159
 0.02 0 10.3024 -0.0190155 0 -2.59287
 0.02 0 10.3124 -0.019853 0 -2.57424
 0.02 0 10.3224 -0.0193801 0 -2.55624
 0.02 0 10.3324 -0.0164773 0 -2.53926
 0.02 0 10.3424 -0.0152217 0 -2.52303
 0.02 0 10.3524 -0.0155423 0 -2.50734
 0.02 0 10.3624 -0.0158629 0 -2.49164
 0.02 0 10.3724 -0.0161835 0 -2.47595
 0.02 0 10.3824 -0.0165042 0 -2.46026
 0.02 0 10.3924 -0.0152938 0 -2.44538
 0.02 0 10.4024 -0.0139182 0 -2.43076
 0.02 0 10.4124 -0.0129992 0 -2.41675
 0.02 0 10.4224 -0.0126962 0 -2.40311
 0.02 0 10.4324 -0.0129612 0 -2.38985
 0.02 0 10.4424 -0.0132262 0 -2.37662
 0.02 0 10.4524 -0.0134912 0 -2.3634
 0.02 0 10.4624 -0.0135799 0 -2.35028
 0.02 0 10.4724 -0.0109737 0 -2.33831
 0.02 0 10.4824 -0.00883723 0 -2.32652
 0.02 0 10.4924 -0.00965834 0 -2.31618
 0.02 0 10.5024 -0.0104795 0 -2.30598
 0.02 0 10.5124 -0.0113006 0 -2.29592
 0.02 0 10.5224 -0.0107607 0 -2.28666
 0.02 0 10.5324 -0.00778302 0 -2.27862
 0.02 0 10.5424 -0.00552635 0 -2.27113
 0.02 0 10.5524 -0.00600689 0 -2.26475
 0.02 0 10.5624 -0.00648743 0 -2.25837
 0.02 0 10.5724 -0.00696798 0 -2.25199
 0.02 0 10.5824 -0.00744852 0 -2.24561
 0.02 0 10.5924 -0.0060165 0 -2.24036
 0.02 0 10.6024 -0.00445296 0 -2.23508
 0.02 0 10.6124 -0.00417312 0 -2.23022
 0.02 0 10.6224 -0.00421636 0 -2.22544
 0.02 0 10.6324 -0.00425959 0 -2.22061
 0.02 0 10.6424 -0.00430282 0 -2.21573
 0.02 0 10.6524 -0.00435695 0 -2.21081
 0.02 0 10.6624 -0.00521649 0 -2.20557
 0.02 0 10.6724 -0.00606858 0 -2.20025
 0.02 0 10.6824 -0.00603614 0 -2.19456
 0.02 0 10.6924 -0.0060037 0 -2.18891
 0.02 0 10.7024 -0.00597126 0 -2.1833
 0.02 0 10.7124 -0.00593882 0 -2.17772
 0.02 0 10.7224 -0.00582085 0 -2.17221
 0.02 0 10.7324 -0.00529553 0 -2.16679
 0.02 0 10.7424 -0.00489069 0 -2.16145
 0.02 0 10.7524 -0.00498649 0 -2.15628
 0.02 0 10.7624 -0.00508228 0 -2.15104
 0.02 0 10.7724 -0.00517808 0 -2.14574
 0.02 0 10.7824 -0.00527387 0 -2.14039
 0.02 0 10.7924 -0.00563386 0 -2.13495
 0.02 0 10.8024 -0.00615452 0 -2.12946
 0.02 0 10.8124 -0.00586534 0 -2.12357
 0.02 0 10.8224 -0.00535071 0 -2.11742
 0.02 0 10.8324 -0.00483607 0 -2.11109
 0.02 0 10.8424 -0.00432144 0 -2.10458
 0.02 0 10.8524 -0.00456932 0 -2.0976
 0.02 0 10.8624 -0.00894755 0 -2.08873
 0.02 0 10.8724 -0.0129056 0 -2.079
 0.03 0 10.0724 -0.0152223 0 -2.99393
 0.03 0 10.0824 -0.0149113 0 -2.98398
 0.03 0 10.0924 -0.0142977 0 -2.97353
 0.03 0 10.1024 -0.0136841 0 -2.96275
 0.03 0 10.1124 -0.0156324 0 -2.9506
 0.03 0 10.1224 -0.0201896 0 -2.9372
 0.03 0 10.1324 -0.0250591 0 -2.92355
 0.03 0 10.1424 -0.0264405 0 -2.90784
 0.03 0 10.1524 -0.0254378 0 -2.89081
 0.03 0 10.1624 -0.024435 0 -2.87363
 0.03 0 10.1724 -0.0241221 0 -2.85608
 0.03 0 10.1824 -0.0272697 0 -2.83699
 0.03 0 10.1924 -0.0304171 0 -2.81737
 0.03 0 10.2024 -0.0312304 0 -2.79671
 0.03 0 10.2124 -0.0311603 0 -2.7755
 0.03 0 10.2224 -0.0311531 0 -2.75416
 0.03 0 10.2324 -0.0317247 0 -2.73322
 0.03 0 10.2424 -0.0322963 0 -2.71221
 0.03 0 10.2524 -0.0328679 0 -2.69114
 0.03 0 10.2624 -0.0314387 0 -2.67047
 0.03 0 10.2724 -0.0289205 0 -2.65005
 0.03 0 10.2824 -0.0266816 0 -2.6296
 0.03 0 10.2924 -0.0274288 0 -2.61053
 0.03 0 10.3024 -0.0286851 0 -2.59178
 0.03 0 10.3124 -0.0296889 0 -2.57322
 0.03 0 10.3224 -0.0273984 0 -2.55602
 0.03 0 10.3324 -0.0247629 0 -2.53892
 0.03 0 10.3424 -0.0229751 0 -2.52234
 0.03 0 10.3524 -0.023456 0 -2.50658
 0.03 0 10.3624 -0.0239369 0 -2.49082
 0.03 0 10.3724 -0.0244179 0 -2.47506
 0.03 0 10.3824 -0.0237688 0 -2.46
 0.03 0 10.3924 -0.0223986 0 -2.44529
 0.03 0 10.4024 -0.0210899 0 -2.43064
 0.03 0 10.4124 -0.0201891 0 -2.41662
 0.03 0 10.4224 -0.0193439 0 -2.40257
 0.03 0 10.4324 -0.0192538 0 -2.38904
 0.03 0 10.4424 -0.0196513 0 -2.37587
 0.03 0 10.4524 -0.0200489 0 -2.36273
 0.03 0 10.4624 -0.0196948 0 -2.3499
 0.03 0 10.4724 -0.0173422 0 -2.33801
 0.03 0 10.4824 -0.0153161 0 -2.32623
 0.03 0 10.4924 -0.0142912 0 -2.31488
 0.03 0 10.5024 -0.0155229 0 -2.30468
 0.03 0 10.5124 -0.0165419 0 -2.29472
 0.03 0 10.5224 -0.0142542 0 -2.2864
 0.03 0 10.5324 -0.0116587 0 -2.27826
 0.03 0 10.5424 -0.00875538 0 -2.2703
 0.03 0 10.5524 -0.00906635 0 -2.2637
 0.03 0 10.5624 -0.00978716 0 -2.25725
 0.03 0 10.5724 -0.010508 0 -2.2508
 0.03 0 10.5824 -0.0097149 0 -2.24544
 0.03 0 10.5924 -0.00838949 0 -2.24037
 0.03 0 10.6024 -0.00702133 0 -2.23522
 0.03 0 10.6124 -0.00638903 0 -2.23026
 0.03 0 10.6224 -0.00645388 0 -2.22551
 0.03 0 10.6324 -0.00651873 0 -2.22072
 0.03 0 10.6424 -0.00658358 0 -2.21588
 0.03 0 10.6524 -0.00712792 0 -2.21081
 0.03 0 10.6624 -0.007927 0 -2.20558
 0.03 0 10.6724 -0.00874558 0 -2.20028
 0.03 0 10.6824 -0.00896842 0 -2.19468
 0.03 0 10.6924 -0.00891976 0 -2.18901
 0.03 0 10.7024 -0.00887111 0 -2.18338
 0.03 0 10.7124 -0.00882245 0 -2.17778
 0.03 0 10.7224 -0.00848873 0 -2.17228
 0.03 0 10.7324 -0.0080063 0 -2.1668
 0.03 0 10.7424 -0.0074589 0 -2.16133
 0.03 0 10.7524 -0.00750507 0 -2.15612
 0.03 0 10.7624 -0.00764876 0 -2.15089
 0.03 0 10.7724 -0.00779246 0 -2.1456
 0.03 0 10.7824 -0.00801654 0 -2.14032
 0.03 0 10.7924 -0.00841073 0 -2.13509
 0.03 0 10.8024 -0.00888316 0 -2.12982
 0.03 0 10.8124 -0.00877783 0 -2.12425
 0.03 0 10.8224 -0.00800588 0 -2.11827
 0.03 0 10.8324 -0.00723393 0 -2.11212
 0.03 0 10.8424 -0.00646197 0 -2.10578
 0.03 0 10.8524 -0.00967031 0 -2.09788
 0.03 0 10.8624 -0.0138272 0 -2.08929
 0.03 0 10.8724 -0.0183783 0 -2.08019
 0.04 0 10.0724 -0.0195849 0 -2.99533
 0.04 0 10.0824 -0.0196943 0 -2.98591
 0.04 0 10.0924 -0.0188761 0 -2.97566
 0.04 0 10.1024 -0.0197634 0 -2.96433
 0.04 0 10.1124 -0.0236297 0 -2.95154
 0.04 0 10.1224 -0.0278081 0 -2.93848
 0.04 0 10.1324 -0.0322988 0 -2.92516
 0.04 0 10.1424 -0.0339892 0 -2.91003
 0.04 0 10.1524 -0.0326522 0 -2.8932
 0.04 0 10.1624 -0.0318879 0 -2.87604
 0.04 0 10.1724 -0.0350015 0 -2.85737
 0.04 0 10.1824 -0.0381149 0 -2.83816
 0.04 0 10.1924 -0.0412281 0 -2.81841
 0.04 0 10.2024 -0.0417973 0 -2.79735
 0.04 0 10.2124 -0.0419774 0 -2.77585
 0.04 0 10.2224 -0.041896 0 -2.75394
 0.04 0 10.2324 -0.0423294 0 -2.73264
 0.04 0 10.2424 -0.0430915 0 -2.71169
 0.04 0 10.2524 -0.0438537 0 -2.69068
 0.04 0 10.2624 -0.0416412 0 -2.67024
 0.04 0 10.2724 -0.0394741 0 -2.64982
 0.04 0 10.2824 -0.0375864 0 -2.62936
 0.04 0 10.2924 -0.0367875 0 -2.6093
 0.04 0 10.3024 -0.0384625 0 -2.59053
 0.04 0 10.3124 -0.037505 0 -2.57281
 0.04 0 10.3224 -0.0354818 0 -2.55549
 0.04 0 10.3324 -0.0331136 0 -2.53828
 0.04 0 10.3424 -0.0308235 0 -2.52134
 0.04 0 10.3524 -0.0314647 0 -2.50551
 0.04 0 10.3624 -0.032106 0 -2.48969
 0.04 0 10.3724 -0.0320343 0 -2.47435
 0.04 0 10.3824 -0.0307923 0 -2.45975
 0.04 0 10.3924 -0.0295311 0 -2.44506
 0.04 0 10.4024 -0.0282979 0 -2.43039
 0.04 0 10.4124 -0.0274155 0 -2.41636
 0.04 0 10.4224 -0.0265885 0 -2.4023
 0.04 0 10.4324 -0.0258171 0 -2.38821
 0.04 0 10.4424 -0.0259512 0 -2.37481
 0.04 0 10.4524 -0.0264812 0 -2.36173
 0.04 0 10.4624 -0.0257194 0 -2.3492
 0.04 0 10.4724 -0.0236203 0 -2.3374
 0.04 0 10.4824 -0.0218477 0 -2.32569
 0.04 0 10.4924 -0.0204017 0 -2.31409
 0.04 0 10.5024 -0.0204354 0 -2.30316
 0.04 0 10.5124 -0.0196275 0 -2.2942
 0.04 0 10.5224 -0.017722 0 -2.28579
 0.04 0 10.5324 -0.0155087 0 -2.27754
 0.04 0 10.5424 -0.0129875 0 -2.26948
 0.04 0 10.5524 -0.0121631 0 -2.26228
 0.04 0 10.5624 -0.0131242 0 -2.25576
 0.04 0 10.5724 -0.0129727 0 -2.25019
 0.04 0 10.5824 -0.0118854 0 -2.24533
 0.04 0 10.5924 -0.0107554 0 -2.24038
 0.04 0 10.6024 -0.00958259 0 -2.23535
 0.04 0 10.6124 -0.00869117 0 -2.23034
 0.04 0 10.6224 -0.00877764 0 -2.22562
 0.04 0 10.6324 -0.00886411 0 -2.22087
 0.04 0 10.6424 -0.00915023 0 -2.21597
 0.04 0 10.6524 -0.00986936 0 -2.21082
 0.04 0 10.6624 -0.010608 0 -2.2056
 0.04 0 10.6724 -0.0113661 0 -2.20031
 0.04 0 10.6824 -0.0118435 0 -2.19483
 0.04 0 10.6924 -0.0117786 0 -2.18914
 0.04 0 10.7024 -0.0117138 0 -2.18348
 0.04 0 10.7124 -0.0115622 0 -2.17788
 0.04 0 10.7224 -0.0111876 0 -2.17234
 0.04 0 10.7324 -0.0107481 0 -2.1668
 0.04 0 10.7424 -0.0102436 0 -2.16127
 0.04 0 10.7524 -0.0100405 0 -2.1559
 0.04 0 10.7624 -0.0102321 0 -2.15068
 0.04 0 10.7724 -0.0104265 0 -2.14543
 0.04 0 10.7824 -0.0106942 0 -2.14047
 0.04 0 10.7924 -0.0110402 0 -2.13545
 0.04 0 10.8024 -0.0114644 0 -2.13039
 0.04 0 10.8124 -0.0116769 0 -2.12518
 0.04 0 10.8224 -0.0106476 0 -2.11938
 0.04 0 10.8324 -0.00961833 0 -2.11339
 0.04 0 10.8424 -0.0110692 0 -2.10653
 0.04 0 10.8524 -0.0146104 0 -2.09873
 0.04 0 10.8624 -0.0185458 0 -2.09041
 0.04 0 10.8724 -0.0228756 0 -2.08158
 0.05 0 10.0724 -0.0237588 0 -2.99726
 0.05 0 10.0824 -0.0243836 0 -2.98843
 0.05 0 10.0924 -0.0243378 0 -2.97792
 0.05 0 10.1024 -0.0275131 0 -2.96572
 0.05 0 10.1124 -0.0310006 0 -2.95326
 0.05 0 10.1224 -0.0348002 0 -2.94054
 0.05 0 10.1324 -0.0389121 0 -2.92755
 0.05 0 10.1424 -0.0409054 0 -2.91304
 0.05 0 10.1524 -0.0396673 0 -2.89628
 0.05 0 10.1624 -0.0427468 0 -2.87801
 0.05 0 10.1724 -0.0458261 0 -2.85921
 0.05 0 10.1824 -0.0489054 0 -2.83987
 0.05 0 10.1924 -0.0517207 0 -2.81987
 0.05 0 10.2024 -0.0524123 0 -2.79848
 0.05 0 10.2124 -0.0528424 0 -2.77669
 0.05 0 10.2224 -0.0530111 0 -2.7545
 0.05 0 10.2324 -0.0529489 0 -2.73196
 0.05 0 10.2424 -0.0539016 0 -2.71107
 0.05 0 10.2524 -0.0540288 0 -2.69027
 0.05 0 10.2624 -0.0519336 0 -2.66987
 0.05 0 10.2724 -0.0501177 0 -2.64944
 0.05 0 10.2824 -0.0485811 0 -2.62897
 0.05 0 10.2924 -0.0473237 0 -2.60848
 0.05 0 10.3024 -0.0467969 0 -2.58965
 0.05 0 10.3124 -0.0453862 0 -2.5721
 0.05 0 10.3224 -0.0436304 0 -2.55466
 0.05 0 10.3324 -0.0415295 0 -2.53734
 0.05 0 10.3424 -0.0390835 0 -2.52013
 0.05 0 10.3524 -0.0395685 0 -2.50412
 0.05 0 10.3624 -0.0400902 0 -2.48844
 0.05 0 10.3724 -0.0389765 0 -2.47394
 0.05 0 10.3824 -0.0378436 0 -2.45936
 0.05 0 10.3924 -0.0366915 0 -2.4447
 0.05 0 10.4024 -0.0355424 0 -2.43001
 0.05 0 10.4124 -0.0346782 0 -2.41596
 0.05 0 10.4224 -0.0338695 0 -2.40188
 0.05 0 10.4324 -0.0331163 0 -2.38779
 0.05 0 10.4424 -0.0324187 0 -2.37367
 0.05 0 10.4524 -0.0327882 0 -2.36042
 0.05 0 10.4624 -0.0316536 0 -2.34819
 0.05 0 10.4724 -0.029808 0 -2.33646
 0.05 0 10.4824 -0.028289 0 -2.32484
 0.05 0 10.4924 -0.0267323 0 -2.31331
 0.05 0 10.5024 -0.0251652 0 -2.30206
 0.05 0 10.5124 -0.0233199 0 -2.29326
 0.05 0 10.5224 -0.0212712 0 -2.28478
 0.05 0 10.5324 -0.019333 0 -2.27646
 0.05 0 10.5424 -0.017194 0 -2.2683
 0.05 0 10.5524 -0.0152973 0 -2.2605
 0.05 0 10.5624 -0.0157899 0 -2.25461
 0.05 0 10.5724 -0.0149407 0 -2.24996
 0.05 0 10.5824 -0.0140488 0 -2.24522
 0.05 0 10.5924 -0.0131142 0 -2.24039
 0.05 0 10.6024 -0.0121367 0 -2.23547
 0.05 0 10.6124 -0.0111166 0 -2.23047
 0.05 0 10.6224 -0.0111876 0 -2.22578
 0.05 0 10.6324 -0.0112957 0 -2.22106
 0.05 0 10.6424 -0.0119226 0 -2.21599
 0.05 0 10.6524 -0.0125813 0 -2.21085
 0.05 0 10.6624 -0.0132594 0 -2.20564
 0.05 0 10.6724 -0.0139571 0 -2.20036
 0.05 0 10.6824 -0.0146614 0 -2.195
 0.05 0 10.6924 -0.0145803 0 -2.18929
 0.05 0 10.7024 -0.0144992 0 -2.18361
 0.05 0 10.7124 -0.0142492 0 -2.17799
 0.05 0 10.7224 -0.0139175 0 -2.17238
 0.05 0 10.7324 -0.0135208 0 -2.16678
 0.05 0 10.7424 -0.0130592 0 -2.16119
 0.05 0 10.7524 -0.0125929 0 -2.15564
 0.05 0 10.7624 -0.0128324 0 -2.15042
 0.05 0 10.7724 -0.013005 0 -2.14558
 0.05 0 10.7824 -0.0132245 0 -2.14083
 0.05 0 10.7924 -0.0135222 0 -2.13603
 0.05 0 10.8024 -0.0138982 0 -2.13118
 0.05 0 10.8124 -0.0143524 0 -2.12629
 0.05 0 10.8224 -0.0132759 0 -2.12074
 0.05 0 10.8324 -0.0131442 0 -2.11469
 0.05 0 10.8424 -0.0160698 0 -2.10768
 0.05 0 10.8524 -0.0193896 0 -2.10015
 0.05 0 10.8624 -0.0231036 0 -2.0921
 0.05 0 10.8724 -0.0272119 0 -2.08355
 0.06 0 10.0724 -0.0275501 0 -2.99926
 0.06 0 10.0824 -0.0293555 0 -2.99134
 0.06 0 10.0924 -0.0318398 0 -2.97975
 0.06 0 10.1024 -0.0346363 0 -2.96789
 0.06 0 10.1124 -0.037745 0 -2.95576
 0.06 0 10.1224 -0.0411659 0 -2.94337
 0.06 0 10.1324 -0.0448989 0 -2.93072
 0.06 0 10.1424 -0.0474602 0 -2.91679
 0.06 0 10.1524 -0.0505057 0 -2.89893
 0.06 0 10.1624 -0.053551 0 -2.88053
 0.06 0 10.1724 -0.0565961 0 -2.8616
 0.06 0 10.1824 -0.0596412 0 -2.84213
 0.06 0 10.1924 -0.0621336 0 -2.82177
 0.06 0 10.2024 -0.0630753 0 -2.8001
 0.06 0 10.2124 -0.0637556 0 -2.77802
 0.06 0 10.2224 -0.0641744 0 -2.75554
 0.06 0 10.2324 -0.0643317 0 -2.73267
 0.06 0 10.2424 -0.0647266 0 -2.71035
 0.06 0 10.2524 -0.06406 0 -2.68976
 0.06 0 10.2624 -0.062316 0 -2.66935
 0.06 0 10.2724 -0.0607187 0 -2.64876
 0.06 0 10.2824 -0.0590139 0 -2.62793
 0.06 0 10.2924 -0.0575079 0 -2.60738
 0.06 0 10.3024 -0.0558827 0 -2.58858
 0.06 0 10.3124 -0.0539596 0 -2.57093
 0.06 0 10.3224 -0.051863 0 -2.55352
 0.06 0 10.3324 -0.0500104 0 -2.53609
 0.06 0 10.3424 -0.0478318 0 -2.51876
 0.06 0 10.3524 -0.0477673 0 -2.50241
 0.06 0 10.3624 -0.0469512 0 -2.48788
 0.06 0 10.3724 -0.0459465 0 -2.4734
 0.06 0 10.3824 -0.0449227 0 -2.45884
 0.06 0 10.3924 -0.0438797 0 -2.4442
 0.06 0 10.4024 -0.0428233 0 -2.42949
 0.06 0 10.4124 -0.0419773 0 -2.41543
 0.06 0 10.4224 -0.0411869 0 -2.40134
 0.06 0 10.4324 -0.0404519 0 -2.38723
 0.06 0 10.4424 -0.0397725 0 -2.3731
 0.06 0 10.4524 -0.0391486 0 -2.35894
 0.06 0 10.4624 -0.0373611 0 -2.34666
 0.06 0 10.4724 -0.0354056 0 -2.33485
 0.06 0 10.4824 -0.0335657 0 -2.32323
 0.06 0 10.4924 -0.0318414 0 -2.3118
 0.06 0 10.5024 -0.0302323 0 -2.30059
 0.06 0 10.5124 -0.0285451 0 -2.29147
 0.06 0 10.5224 -0.0266545 0 -2.28266
 0.06 0 10.5324 -0.0245605 0 -2.27416
 0.06 0 10.5424 -0.022263 0 -2.26597
 0.06 0 10.5524 -0.0188883 0 -2.25857
 0.06 0 10.5624 -0.017433 0 -2.25411
 0.06 0 10.5724 -0.0169017 0 -2.24972
 0.06 0 10.5824 -0.0162051 0 -2.2451
 0.06 0 10.5924 -0.0154658 0 -2.24039
 0.06 0 10.6024 -0.0146838 0 -2.2356
 0.06 0 10.6124 -0.013859 0 -2.23072
 0.06 0 10.6224 -0.0136838 0 -2.22598
 0.06 0 10.6324 -0.0140868 0 -2.2211
 0.06 0 10.6424 -0.0146655 0 -2.21603
 0.06 0 10.6524 -0.0152637 0 -2.2109
 0.06 0 10.6624 -0.0158814 0 -2.20569
 0.06 0 10.6724 -0.0165186 0 -2.20042
 0.06 0 10.6824 -0.0171753 0 -2.19508
 0.06 0 10.6924 -0.0173248 0 -2.18946
 0.06 0 10.7024 -0.017191 0 -2.18377
 0.06 0 10.7124 -0.0169672 0 -2.17809
 0.06 0 10.7224 -0.0166783 0 -2.17242
 0.06 0 10.7324 -0.0163246 0 -2.16676
 0.06 0 10.7424 -0.0159058 0 -2.16111
 0.06 0 10.7524 -0.0154222 0 -2.15546
 0.06 0 10.7624 -0.0153431 0 -2.15043
 0.06 0 10.7724 -0.0154361 0 -2.14594
 0.06 0 10.7824 -0.0156074 0 -2.1414
 0.06 0 10.7924 -0.0158569 0 -2.13682
 0.06 0 10.8024 -0.0161846 0 -2.13219
 0.06 0 10.8124 -0.0165906 0 -2.12752
 0.06 0 10.8224 -0.0158954 0 -2.12236
 0.06 0 10.8324 -0.0182053 0 -2.11613
 0.06 0 10.8424 -0.0209094 0 -2.10938
 0.06 0 10.8524 -0.0240078 0 -2.10213
 0.06 0 10.8624 -0.0275005 0 -2.09436
 0.06 0 10.8724 -0.0313874 0 -2.08608
 0.07 0 10.0724 -0.029995 0 -3.00042
 0.07 0 10.0824 -0.033775 0 -2.99369
 0.07 0 10.0924 -0.0383672 0 -2.98365
 0.07 0 10.1024 -0.0407903 0 -2.97194
 0.07 0 10.1124 -0.043526 0 -2.95997
 0.07 0 10.1224 -0.0465742 0 -2.94775
 0.07 0 10.1324 -0.0499349 0 -2.93528
 0.07 0 10.1424 -0.0566991 0 -2.91931
 0.07 0 10.1524 -0.0612894 0 -2.90213
 0.07 0 10.1624 -0.0643005 0 -2.8836
 0.07 0 10.1724 -0.0673114 0 -2.86454
 0.07 0 10.1824 -0.0703223 0 -2.84494
 0.07 0 10.1924 -0.0725947 0 -2.82417
 0.07 0 10.2024 -0.0737864 0 -2.80221
 0.07 0 10.2124 -0.0747168 0 -2.77985
 0.07 0 10.2224 -0.0753856 0 -2.75708
 0.07 0 10.2324 -0.075793 0 -2.73392
 0.07 0 10.2424 -0.0764576 0 -2.71013
 0.07 0 10.2524 -0.0735951 0 -2.68767
 0.07 0 10.2624 -0.0716971 0 -2.66664
 0.07 0 10.2724 -0.0699978 0 -2.6459
 0.07 0 10.2824 -0.0684975 0 -2.62543
 0.07 0 10.2924 -0.0671959 0 -2.60524
 0.07 0 10.3024 -0.065636 0 -2.58654
 0.07 0 10.3124 -0.0637374 0 -2.56868
 0.07 0 10.3224 -0.0616654 0 -2.55107
 0.07 0 10.3324 -0.0594201 0 -2.53371
 0.07 0 10.3424 -0.0570015 0 -2.51659
 0.07 0 10.3524 -0.0547164 0 -2.50155
 0.07 0 10.3624 -0.0538399 0 -2.48718
 0.07 0 10.3724 -0.0529443 0 -2.47273
 0.07 0 10.3824 -0.0520296 0 -2.45819
 0.07 0 10.3924 -0.0510957 0 -2.44356
 0.07 0 10.4024 -0.0501426 0 -2.42885
 0.07 0 10.4124 -0.0493128 0 -2.41476
 0.07 0 10.4224 -0.0485406 0 -2.40066
 0.07 0 10.4324 -0.0478239 0 -2.38653
 0.07 0 10.4424 -0.0472927 0 -2.37226
 0.07 0 10.4524 -0.0471818 0 -2.35788
 0.07 0 10.4624 -0.0431745 0 -2.34423
 0.07 0 10.4724 -0.0406294 0 -2.33216
 0.07 0 10.4824 -0.0387371 0 -2.32066
 0.07 0 10.4924 -0.0369604 0 -2.30934
 0.07 0 10.5024 -0.0352993 0 -2.29822
 0.07 0 10.5124 -0.0337683 0 -2.28876
 0.07 0 10.5224 -0.0320359 0 -2.27962
 0.07 0 10.5324 -0.0301 0 -2.2708
 0.07 0 10.5424 -0.027044 0 -2.26291
 0.07 0 10.5524 -0.0208263 0 -2.25718
 0.07 0 10.5624 -0.0183311 0 -2.25243
 0.07 0 10.5724 -0.0180702 0 -2.24823
 0.07 0 10.5824 -0.0177657 0 -2.24398
 0.07 0 10.5924 -0.0174176 0 -2.23968
 0.07 0 10.6024 -0.0170259 0 -2.23534
 0.07 0 10.6124 -0.0165906 0 -2.23095
 0.07 0 10.6224 -0.0163618 0 -2.22613
 0.07 0 10.6324 -0.0168605 0 -2.22114
 0.07 0 10.6424 -0.0173788 0 -2.21608
 0.07 0 10.6524 -0.0179165 0 -2.21096
 0.07 0 10.6624 -0.0184738 0 -2.20576
 0.07 0 10.6724 -0.0190505 0 -2.2005
 0.07 0 10.6824 -0.0196468 0 -2.19517
 0.07 0 10.6924 -0.0200131 0 -2.18966
 0.07 0 10.7024 -0.0198971 0 -2.18391
 0.07 0 10.7124 -0.0197241 0 -2.17814
 0.07 0 10.7224 -0.0195691 0 -2.17219
 0.07 0 10.7324 -0.019422 0 -2.16624
 0.07 0 10.7424 -0.0192827 0 -2.16029
 0.07 0 10.7524 -0.0191015 0 -2.15436
 0.07 0 10.7624 -0.0171052 0 -2.14998
 0.07 0 10.7724 -0.0173828 0 -2.14563
 0.07 0 10.7824 -0.0177084 0 -2.14126
 0.07 0 10.7924 -0.0180818 0 -2.13686
 0.07 0 10.8024 -0.0185032 0 -2.13244
 0.07 0 10.8124 -0.0189726 0 -2.128
 0.07 0 10.8224 -0.0197707 0 -2.1236
 0.07 0 10.8324 -0.022579 0 -2.1179
 0.07 0 10.8424 -0.0255881 0 -2.11166
 0.07 0 10.8524 -0.0284651 0 -2.10468
 0.07 0 10.8624 -0.0317364 0 -2.09718
 0.07 0 10.8724 -0.0354019 0 -2.08917
 0.08 0 10.0724 -0.0316976 0 -3.00298
 0.08 0 10.0824 -0.0369138 0 -2.9959
 0.08 0 10.0924 -0.0442995 0 -2.98827
 0.08 0 10.1024 -0.0463364 0 -2.97674
 0.08 0 10.1124 -0.0486859 0 -2.96495
 0.08 0 10.1224 -0.0513479 0 -2.95291
 0.08 0 10.1324 -0.0578493 0 -2.93885
 0.08 0 10.1424 -0.0649941 0 -2.92273
 0.08 0 10.1524 -0.0699383 0 -2.90501
 0.08 0 10.1624 -0.0745008 0 -2.88695
 0.08 0 10.1724 -0.077972 0 -2.86803
 0.08 0 10.1824 -0.0809487 0 -2.8483
 0.08 0 10.1924 -0.0831037 0 -2.82707
 0.08 0 10.2024 -0.0845456 0 -2.80481
 0.08 0 10.2124 -0.085726 0 -2.78216
 0.08 0 10.2224 -0.0879376 0 -2.75858
 0.08 0 10.2324 -0.09021 0 -2.73427
 0.08 0 10.2424 -0.0908052 0 -2.70941
 0.08 0 10.2524 -0.0838133 0 -2.68434
 0.08 0 10.2624 -0.0807371 0 -2.66248
 0.08 0 10.2724 -0.0792423 0 -2.64209
 0.08 0 10.2824 -0.0779463 0 -2.62198
 0.08 0 10.2924 -0.0768492 0 -2.60216
 0.08 0 10.3024 -0.0753379 0 -2.5835
 0.08 0 10.3124 -0.0734639 0 -2.56544
 0.08 0 10.3224 -0.0714165 0 -2.54762
 0.08 0 10.3324 -0.0691957 0 -2.53006
 0.08 0 10.3424 -0.064202 0 -2.51492
 0.08 0 10.3524 -0.060429 0 -2.50059
 0.08 0 10.3624 -0.0601863 0 -2.4864
 0.08 0 10.3724 -0.05986 0 -2.47194
 0.08 0 10.3824 -0.0591643 0 -2.45739
 0.08 0 10.3924 -0.0583395 0 -2.44279
 0.08 0 10.4024 -0.0574955 0 -2.4281
 0.08 0 10.4124 -0.0566848 0 -2.41396
 0.08 0 10.4224 -0.0559308 0 -2.39985
 0.08 0 10.4324 -0.0553677 0 -2.38531
 0.08 0 10.4424 -0.0550783 0 -2.37091
 0.08 0 10.4524 -0.0550605 0 -2.3567
 0.08 0 10.4624 -0.051077 0 -2.34283
 0.08 0 10.4724 -0.0466689 0 -2.32916
 0.08 0 10.4824 -0.0439182 0 -2.31714
 0.08 0 10.4924 -0.042089 0 -2.30594
 0.08 0 10.5024 -0.0403755 0 -2.29494
 0.08 0 10.5124 -0.0389894 0 -2.28513
 0.08 0 10.5224 -0.0374152 0 -2.27566
 0.08 0 10.5324 -0.0346818 0 -2.26732
 0.08 0 10.5424 -0.0289382 0 -2.26142
 0.08 0 10.5524 -0.0229822 0 -2.2555
 0.08 0 10.5624 -0.0194773 0 -2.25036
 0.08 0 10.5724 -0.0193852 0 -2.24623
 0.08 0 10.5824 -0.0192495 0 -2.24205
 0.08 0 10.5924 -0.0190701 0 -2.23782
 0.08 0 10.6024 -0.0188472 0 -2.23355
 0.08 0 10.6124 -0.0179091 0 -2.22985
 0.08 0 10.6224 -0.0188136 0 -2.227
 0.08 0 10.6324 -0.0197125 0 -2.22232
 0.08 0 10.6424 -0.020139 0 -2.21727
 0.08 0 10.6524 -0.020587 0 -2.21214
 0.08 0 10.6624 -0.0210565 0 -2.20694
 0.08 0 10.6724 -0.0215476 0 -2.20166
 0.08 0 10.6824 -0.0220601 0 -2.19632
 0.08 0 10.6924 -0.0231561 0 -2.18968
 0.08 0 10.7024 -0.0226992 0 -2.18303
 0.08 0 10.7124 -0.022799 0 -2.17702
 0.08 0 10.7224 -0.0229068 0 -2.171
 0.08 0 10.7324 -0.0230224 0 -2.16499
 0.08 0 10.7424 -0.023146 0 -2.15897
 0.08 0 10.7524 -0.0214737 0 -2.15353
 0.08 0 10.7624 -0.0184041 0 -2.14907
 0.08 0 10.7724 -0.0189192 0 -2.14475
 0.08 0 10.7824 -0.0194823 0 -2.14041
 0.08 0 10.7924 -0.0200934 0 -2.13605
 0.08 0 10.8024 -0.0207524 0 -2.13166
 0.08 0 10.8124 -0.02078 0 -2.12822
 0.08 0 10.8224 -0.0210677 0 -2.12475
 0.08 0 10.8324 -0.024079 0 -2.11931
 0.08 0 10.8424 -0.0273347 0 -2.11336
 0.08 0 10.8524 -0.0308349 0 -2.10688
 0.08 0 10.8624 -0.0345795 0 -2.09988
 0.08 0 10.8724 -0.0385687 0 -2.09236
 0.09 0 10.0724 -0.0335868 0 -3.00592
 0.09 0 10.0824 -0.0399756 0 -2.99851
 0.09 0 10.0924 -0.0472701 0 -2.99146
 0.09 0 10.1024 -0.0513182 0 -2.98214
 0.09 0 10.1124 -0.0532814 0 -2.97053
 0.09 0 10.1224 -0.0584653 0 -2.95793
 0.09 0 10.1324 -0.0661604 0 -2.94397
 0.09 0 10.1424 -0.0733998 0 -2.92778
 0.09 0 10.1524 -0.0785356 0 -2.90943
 0.09 0 10.1624 -0.0832896 0 -2.89073
 0.09 0 10.1724 -0.087662 0 -2.87168
 0.09 0 10.1824 -0.0915204 0 -2.85221
 0.09 0 10.1924 -0.0941084 0 -2.83031
 0.09 0 10.2024 -0.0973881 0 -2.80712
 0.09 0 10.2124 -0.100399 0 -2.78334
 0.09 0 10.2224 -0.103142 0 -2.75894
 0.09 0 10.2324 -0.105617 0 -2.73394
 0.09 0 10.2424 -0.104164 0 -2.7088
 0.09 0 10.2524 -0.0975517 0 -2.68382
 0.09 0 10.2624 -0.0907945 0 -2.65843
 0.09 0 10.2724 -0.088452 0 -2.63734
 0.09 0 10.2824 -0.0873605 0 -2.6176
 0.09 0 10.2924 -0.0864678 0 -2.59813
 0.09 0 10.3024 -0.0849885 0 -2.57946
 0.09 0 10.3124 -0.083139 0 -2.56119
 0.09 0 10.3224 -0.0811161 0 -2.54318
 0.09 0 10.3324 -0.0761798 0 -2.5281
 0.09 0 10.3424 -0.0705308 0 -2.51371
 0.09 0 10.3524 -0.0662418 0 -2.4993
 0.09 0 10.3624 -0.0661611 0 -2.48538
 0.09 0 10.3724 -0.0659966 0 -2.47119
 0.09 0 10.3824 -0.0657485 0 -2.45674
 0.09 0 10.3924 -0.0654166 0 -2.44203
 0.09 0 10.4024 -0.0648762 0 -2.42721
 0.09 0 10.4124 -0.0640085 0 -2.41272
 0.09 0 10.4224 -0.063269 0 -2.39813
 0.09 0 10.4324 -0.0628011 0 -2.38372
 0.09 0 10.4424 -0.0626047 0 -2.36949
 0.09 0 10.4524 -0.0624304 0 -2.35542
 0.09 0 10.4624 -0.0587597 0 -2.3413
 0.09 0 10.4724 -0.0546865 0 -2.32738
 0.09 0 10.4824 -0.0502108 0 -2.31364
 0.09 0 10.4924 -0.0472274 0 -2.3016
 0.09 0 10.5024 -0.0454614 0 -2.29071
 0.09 0 10.5124 -0.0442085 0 -2.28058
 0.09 0 10.5224 -0.0418017 0 -2.27178
 0.09 0 10.5324 -0.0365322 0 -2.26571
 0.09 0 10.5424 -0.0310502 0 -2.25963
 0.09 0 10.5524 -0.0253559 0 -2.25353
 0.09 0 10.5624 -0.0208715 0 -2.24791
 0.09 0 10.5724 -0.0209481 0 -2.24384
 0.09 0 10.5824 -0.0209812 0 -2.23974
 0.09 0 10.5924 -0.0209707 0 -2.23558
 0.09 0 10.6024 -0.0199045 0 -2.23241
 0.09 0 10.6124 -0.017968 0 -2.23024
 0.09 0 10.6224 -0.0197581 0 -2.22725
 0.09 0 10.6324 -0.0223719 0 -2.22387
 0.09 0 10.6424 -0.0227064 0 -2.21885
 0.09 0 10.6524 -0.0230624 0 -2.21376
 0.09 0 10.6624 -0.0234399 0 -2.20861
 0.09 0 10.6724 -0.0238389 0 -2.20338
 0.09 0 10.6824 -0.0259753 0 -2.19741
 0.09 0 10.6924 -0.0270813 0 -2.19039
 0.09 0 10.7024 -0.0258679 0 -2.1827
 0.09 0 10.7124 -0.0259117 0 -2.17609
 0.09 0 10.7224 -0.0262822 0 -2.17001
 0.09 0 10.7324 -0.0266607 0 -2.16393
 0.09 0 10.7424 -0.026609 0 -2.15789
 0.09 0 10.7524 -0.023761 0 -2.15252
 0.09 0 10.7624 -0.0203935 0 -2.14791
 0.09 0 10.7724 -0.0201876 0 -2.14365
 0.09 0 10.7824 -0.0209882 0 -2.13935
 0.09 0 10.7924 -0.0218369 0 -2.13502
 0.09 0 10.8024 -0.0222164 0 -2.13167
 0.09 0 10.8124 -0.0219365 0 -2.12953
 0.09 0 10.8224 -0.0219904 0 -2.12679
 0.09 0 10.8324 -0.0252047 0 -2.12161
 0.09 0 10.8424 -0.0286634 0 -2.11591
 0.09 0 10.8524 -0.0323665 0 -2.1097
 0.09 0 10.8624 -0.0363142 0 -2.10296
 0.09 0 10.8724 -0.0405063 0 -2.09571
 0.1 0 10.0724 -0.0361056 0 -3.0091
 0.1 0 10.0824 -0.0429603 0 -3.00151
 0.1 0 10.0924 -0.0495614 0 -2.99459
 0.1 0 10.1024 -0.0557356 0 -2.98816
 0.1 0 10.1124 -0.0595891 0 -2.9767
 0.1 0 10.1224 -0.0665782 0 -2.96433
 0.1 0 10.1324 -0.0745918 0 -2.95084
 0.1 0 10.1424 -0.0819164 0 -2.93446
 0.1 0 10.1524 -0.0872436 0 -2.91547
 0.1 0 10.1624 -0.0921892 0 -2.89614
 0.1 0 10.1724 -0.0973799 0 -2.87643
 0.1 0 10.1824 -0.102967 0 -2.85611
 0.1 0 10.1924 -0.108559 0 -2.8325
 0.1 0 10.2024 -0.112041 0 -2.80862
 0.1 0 10.2124 -0.115254 0 -2.78414
 0.1 0 10.2224 -0.118199 0 -2.75905
 0.1 0 10.2324 -0.120876 0 -2.73335
 0.1 0 10.2424 -0.11746 0 -2.70834
 0.1 0 10.2524 -0.111227 0 -2.68346
 0.1 0 10.2624 -0.10485 0 -2.65817
 0.1 0 10.2724 -0.0983275 0 -2.63246
 0.1 0 10.2824 -0.0967399 0 -2.61227
 0.1 0 10.2924 -0.0960517 0 -2.59316
 0.1 0 10.3024 -0.0945876 0 -2.57442
 0.1 0 10.3124 -0.0927627 0 -2.55595
 0.1 0 10.3224 -0.0878801 0 -2.54096
 0.1 0 10.3324 -0.082326 0 -2.52671
 0.1 0 10.3424 -0.0769532 0 -2.51225
 0.1 0 10.3524 -0.072185 0 -2.49767
 0.1 0 10.3624 -0.0722662 0 -2.48402
 0.1 0 10.3724 -0.0722637 0 -2.4701
 0.1 0 10.3824 -0.0721775 0 -2.45592
 0.1 0 10.3924 -0.0720076 0 -2.44148
 0.1 0 10.4024 -0.0721446 0 -2.42671
 0.1 0 10.4124 -0.0712281 0 -2.41123
 0.1 0 10.4224 -0.0703501 0 -2.39632
 0.1 0 10.4324 -0.0699752 0 -2.38207
 0.1 0 10.4424 -0.0698719 0 -2.368
 0.1 0 10.4524 -0.0695585 0 -2.35401
 0.1 0 10.4624 -0.0662225 0 -2.33964
 0.1 0 10.4724 -0.0624842 0 -2.32546
 0.1 0 10.4824 -0.0583434 0 -2.31147
 0.1 0 10.4924 -0.0538002 0 -2.29767
 0.1 0 10.5024 -0.0505571 0 -2.28554
 0.1 0 10.5124 -0.0484037 0 -2.2763
 0.1 0 10.5224 -0.0436083 0 -2.27007
 0.1 0 10.5324 -0.0386004 0 -2.26382
 0.1 0 10.5424 -0.0333801 0 -2.25756
 0.1 0 10.5524 -0.0279474 0 -2.25128
 0.1 0 10.5624 -0.0225137 0 -2.24507
 0.1 0 10.5724 -0.0227591 0 -2.24108
 0.1 0 10.5824 -0.022961 0 -2.23704
 0.1 0 10.5924 -0.0217092 0 -2.2345
 0.1 0 10.6024 -0.0197624 0 -2.2329
 0.1 0 10.6124 -0.0183449 0 -2.23098
 0.1 0 10.6224 -0.0207997 0 -2.22769
 0.1 0 10.6324 -0.0238597 0 -2.22469
 0.1 0 10.6424 -0.0250407 0 -2.22057
 0.1 0 10.6524 -0.0253047 0 -2.21552
 0.1 0 10.6624 -0.0255901 0 -2.21041
 0.1 0 10.6724 -0.0275888 0 -2.20492
 0.1 0 10.6824 -0.0302417 0 -2.19838
 0.1 0 10.6924 -0.031028 0 -2.19123
 0.1 0 10.7024 -0.0298494 0 -2.18383
 0.1 0 10.7124 -0.0292088 0 -2.17571
 0.1 0 10.7224 -0.0296955 0 -2.1692
 0.1 0 10.7324 -0.0303368 0 -2.16306
 0.1 0 10.7424 -0.0288062 0 -2.15689
 0.1 0 10.7524 -0.0259634 0 -2.15135
 0.1 0 10.7624 -0.0226011 0 -2.14657
 0.1 0 10.7724 -0.0211878 0 -2.14234
 0.1 0 10.7824 -0.0222261 0 -2.13806
 0.1 0 10.7924 -0.0230082 0 -2.13449
 0.1 0 10.8024 -0.0227668 0 -2.13333
 0.1 0 10.8124 -0.0227131 0 -2.13166
 0.1 0 10.8224 -0.022847 0 -2.12948
 0.1 0 10.8324 -0.0259561 0 -2.12479
 0.1 0 10.8424 -0.0296178 0 -2.11936
 0.1 0 10.8524 -0.0335239 0 -2.11341
 0.1 0 10.8624 -0.0376745 0 -2.10693
 0.1 0 10.8724 -0.0439662 0 -2.10047
 0.11 0 10.0724 -0.0397067 0 -3.01236
 0.11 0 10.0824 -0.045868 0 -3.0049
 0.11 0 10.0924 -0.0517021 0 -2.99835
 0.11 0 10.1024 -0.0576942 0 -2.99287
 0.11 0 10.1124 -0.0657263 0 -2.98364
 0.11 0 10.1224 -0.0748114 0 -2.97248
 0.11 0 10.1324 -0.0831435 0 -2.95947
 0.11 0 10.1424 -0.0905437 0 -2.94278
 0.11 0 10.1524 -0.0968173 0 -2.92311
 0.11 0 10.1624 -0.103995 0 -2.90301
 0.11 0 10.1724 -0.109925 0 -2.88261
 0.11 0 10.1824 -0.115901 0 -2.86027
 0.11 0 10.1924 -0.122177 0 -2.83509
 0.11 0 10.2024 -0.126546 0 -2.80987
 0.11 0 10.2124 -0.129961 0 -2.78469
 0.11 0 10.2224 -0.133108 0 -2.7589
 0.11 0 10.2324 -0.135987 0 -2.73251
 0.11 0 10.2424 -0.130693 0 -2.70803
 0.11 0 10.2524 -0.12484 0 -2.68325
 0.11 0 10.2624 -0.118842 0 -2.65806
 0.11 0 10.2724 -0.1127 0 -2.63244
 0.11 0 10.2824 -0.106412 0 -2.60641
 0.11 0 10.2924 -0.105601 0 -2.58725
 0.11 0 10.3024 -0.104135 0 -2.56839
 0.11 0 10.3124 -0.099303 0 -2.55349
 0.11 0 10.3224 -0.0938438 0 -2.53939
 0.11 0 10.3324 -0.0885659 0 -2.52508
 0.11 0 10.3424 -0.0834693 0 -2.51055
 0.11 0 10.3524 -0.0785541 0 -2.4958
 0.11 0 10.3624 -0.0785018 0 -2.48232
 0.11 0 10.3724 -0.0786612 0 -2.46867
 0.11 0 10.3824 -0.0787369 0 -2.45476
 0.11 0 10.3924 -0.0788062 0 -2.44074
 0.11 0 10.4024 -0.0795023 0 -2.42652
 0.11 0 10.4124 -0.0790649 0 -2.41135
 0.11 0 10.4224 -0.0778391 0 -2.39589
 0.11 0 10.4324 -0.0770005 0 -2.38061
 0.11 0 10.4424 -0.0768799 0 -2.36643
 0.11 0 10.4524 -0.0764667 0 -2.35246
 0.11 0 10.4624 -0.0734656 0 -2.33783
 0.11 0 10.4724 -0.0700621 0 -2.3234
 0.11 0 10.4824 -0.0662562 0 -2.30915
 0.11 0 10.4924 -0.0627666 0 -2.29446
 0.11 0 10.5024 -0.0580021 0 -2.2798
 0.11 0 10.5124 -0.0499058 0 -2.27327
 0.11 0 10.5224 -0.0456175 0 -2.26797
 0.11 0 10.5324 -0.0408864 0 -2.26165
 0.11 0 10.5424 -0.0359278 0 -2.25521
 0.11 0 10.5524 -0.0307567 0 -2.24875
 0.11 0 10.5624 -0.0253732 0 -2.24227
 0.11 0 10.5724 -0.0248181 0 -2.23793
 0.11 0 10.5824 -0.023323 0 -2.23612
 0.11 0 10.5924 -0.021366 0 -2.23509
 0.11 0 10.6024 -0.0199383 0 -2.23374
 0.11 0 10.6124 -0.01904 0 -2.23207
 0.11 0 10.6224 -0.0219386 0 -2.22831
 0.11 0 10.6324 -0.024724 0 -2.22509
 0.11 0 10.6424 -0.0271418 0 -2.22241
 0.11 0 10.6524 -0.0273137 0 -2.21741
 0.11 0 10.6624 -0.0291546 0 -2.21235
 0.11 0 10.6724 -0.0318552 0 -2.2064
 0.11 0 10.6824 -0.0345313 0 -2.19937
 0.11 0 10.6924 -0.0349962 0 -2.1922
 0.11 0 10.7024 -0.0338524 0 -2.1851
 0.11 0 10.7124 -0.0332467 0 -2.17728
 0.11 0 10.7224 -0.0331789 0 -2.16872
 0.11 0 10.7324 -0.0332368 0 -2.16217
 0.11 0 10.7424 -0.0309186 0 -2.15571
 0.11 0 10.7524 -0.0280809 0 -2.15001
 0.11 0 10.7624 -0.0247238 0 -2.14506
 0.11 0 10.7724 -0.02192 0 -2.1408
 0.11 0 10.7824 -0.0231552 0 -2.13667
 0.11 0 10.7924 -0.0229524 0 -2.13649
 0.11 0 10.8024 -0.0229373 0 -2.13581
 0.11 0 10.8124 -0.0231098 0 -2.13461
 0.11 0 10.8224 -0.0234699 0 -2.13291
 0.11 0 10.8324 -0.0263332 0 -2.12886
 0.11 0 10.8424 -0.0301978 0 -2.12369
 0.11 0 10.8524 -0.034307 0 -2.118
 0.11 0 10.8624 -0.0410428 0 -2.11306
 0.11 0 10.8724 -0.0482238 0 -2.10696
 0.12 0 10.0724 -0.0423721 0 -3.01695
 0.12 0 10.0824 -0.04757 0 -3.01071
 0.12 0 10.0924 -0.0533168 0 -3.00513
 0.12 0 10.1024 -0.0596374 0 -3.00001
 0.12 0 10.1124 -0.0674501 0 -2.99118
 0.12 0 10.1224 -0.076832 0 -2.98092
 0.12 0 10.1324 -0.0877832 0 -2.96922
 0.12 0 10.1424 -0.102926 0 -2.95244
 0.12 0 10.1524 -0.110615 0 -2.932
 0.12 0 10.1624 -0.117057 0 -2.91126
 0.12 0 10.1724 -0.122249 0 -2.89022
 0.12 0 10.1824 -0.129349 0 -2.86536
 0.12 0 10.1924 -0.13593 0 -2.83872
 0.12 0 10.2024 -0.14086 0 -2.81148
 0.12 0 10.2124 -0.144521 0 -2.78498
 0.12 0 10.2224 -0.14787 0 -2.7585
 0.12 0 10.2324 -0.149192 0 -2.73213
 0.12 0 10.2424 -0.143864 0 -2.70787
 0.12 0 10.2524 -0.13839 0 -2.68319
 0.12 0 10.2624 -0.132772 0 -2.6581
 0.12 0 10.2724 -0.127009 0 -2.63258
 0.12 0 10.2824 -0.121101 0 -2.60665
 0.12 0 10.2924 -0.115115 0 -2.58039
 0.12 0 10.3024 -0.110448 0 -2.5657
 0.12 0 10.3124 -0.105084 0 -2.55175
 0.12 0 10.3224 -0.099901 0 -2.53758
 0.12 0 10.3324 -0.0948993 0 -2.5232
 0.12 0 10.3424 -0.090079 0 -2.5086
 0.12 0 10.3524 -0.08544 0 -2.49379
 0.12 0 10.3624 -0.0848678 0 -2.48029
 0.12 0 10.3724 -0.0851891 0 -2.46691
 0.12 0 10.3824 -0.0852854 0 -2.45356
 0.12 0 10.3924 -0.085665 0 -2.44031
 0.12 0 10.4024 -0.0868078 0 -2.42665
 0.12 0 10.4124 -0.0870314 0 -2.41195
 0.12 0 10.4224 -0.0856865 0 -2.3965
 0.12 0 10.4324 -0.0847287 0 -2.38122
 0.12 0 10.4424 -0.084158 0 -2.36612
 0.12 0 10.4524 -0.0840106 0 -2.3505
 0.12 0 10.4624 -0.0823629 0 -2.33501
 0.12 0 10.4724 -0.0803977 0 -2.3194
 0.12 0 10.4824 -0.0781149 0 -2.30366
 0.12 0 10.4924 -0.0755146 0 -2.2878
 0.12 0 10.5024 -0.0642606 0 -2.27437
 0.12 0 10.5124 -0.0506247 0 -2.26497
 0.12 0 10.5224 -0.047001 0 -2.25968
 0.12 0 10.5324 -0.0430052 0 -2.25436
 0.12 0 10.5424 -0.0386375 0 -2.24901
 0.12 0 10.5524 -0.0338978 0 -2.24362
 0.12 0 10.5624 -0.0287861 0 -2.23819
 0.12 0 10.5724 -0.024746 0 -2.23728
 0.12 0 10.5824 -0.0227788 0 -2.23681
 0.12 0 10.5924 -0.0213409 0 -2.23602
 0.12 0 10.6024 -0.0204323 0 -2.23492
 0.12 0 10.6124 -0.020384 0 -2.23319
 0.12 0 10.6224 -0.0231746 0 -2.22911
 0.12 0 10.6324 -0.0256855 0 -2.22567
 0.12 0 10.6424 -0.0279167 0 -2.22288
 0.12 0 10.6524 -0.0306727 0 -2.2197
 0.12 0 10.6624 -0.0334211 0 -2.21434
 0.12 0 10.6724 -0.0361449 0 -2.20789
 0.12 0 10.6824 -0.0388442 0 -2.20036
 0.12 0 10.6924 -0.0389858 0 -2.19332
 0.12 0 10.7024 -0.0378769 0 -2.18651
 0.12 0 10.7124 -0.037306 0 -2.17898
 0.12 0 10.7224 -0.0375742 0 -2.16987
 0.12 0 10.7324 -0.0371182 0 -2.16031
 0.12 0 10.7424 -0.0343457 0 -2.1535
 0.12 0 10.7524 -0.0310143 0 -2.14773
 0.12 0 10.7624 -0.0271238 0 -2.143
 0.12 0 10.7724 -0.0228903 0 -2.13903
 0.12 0 10.7824 -0.0224933 0 -2.13903
 0.12 0 10.7924 -0.0225168 0 -2.13933
 0.12 0 10.8024 -0.0227278 0 -2.13911
 0.12 0 10.8124 -0.0231265 0 -2.13839
 0.12 0 10.8224 -0.0237129 0 -2.13715
 0.12 0 10.8324 -0.026336 0 -2.13381
 0.12 0 10.8424 -0.0304375 0 -2.12893
 0.12 0 10.8524 -0.0376349 0 -2.12567
 0.12 0 10.8624 -0.0449828 0 -2.12104
 0.12 0 10.8724 -0.0524812 0 -2.11503
 0.13 0 10.0724 -0.0420116 0 -3.02404
 0.13 0 10.0824 -0.0487894 0 -3.01952
 0.13 0 10.0924 -0.0548397 0 -3.0145
 0.13 0 10.1024 -0.0613867 0 -3.00952
 0.13 0 10.1124 -0.068887 0 -3.00141
 0.13 0 10.1224 -0.0779565 0 -2.99186
 0.13 0 10.1324 -0.0954159 0 -2.9776
 0.13 0 10.1424 -0.115256 0 -2.96247
 0.13 0 10.1524 -0.124193 0 -2.94234
 0.13 0 10.1624 -0.129898 0 -2.92096
 0.13 0 10.1724 -0.134774 0 -2.89888
 0.13 0 10.1824 -0.143309 0 -2.87137
 0.13 0 10.1924 -0.150195 0 -2.84327
 0.13 0 10.2024 -0.155431 0 -2.81457
 0.13 0 10.2124 -0.159017 0 -2.78526
 0.13 0 10.2224 -0.162483 0 -2.75785
 0.13 0 10.2324 -0.16192 0 -2.73202
 0.13 0 10.2424 -0.156972 0 -2.70786
 0.13 0 10.2524 -0.151878 0 -2.68329
 0.13 0 10.2624 -0.146639 0 -2.65829
 0.13 0 10.2724 -0.141865 0 -2.63012
 0.13 0 10.2824 -0.137503 0 -2.59973
 0.13 0 10.2924 -0.126022 0 -2.57148
 0.13 0 10.3024 -0.112371 0 -2.55743
 0.13 0 10.3124 -0.109761 0 -2.54719
 0.13 0 10.3224 -0.106052 0 -2.53553
 0.13 0 10.3324 -0.101326 0 -2.52108
 0.13 0 10.3424 -0.0967822 0 -2.50641
 0.13 0 10.3524 -0.0924195 0 -2.49153
 0.13 0 10.3624 -0.0913642 0 -2.47793
 0.13 0 10.3724 -0.0915822 0 -2.46517
 0.13 0 10.3824 -0.0916452 0 -2.45289
 0.13 0 10.3924 -0.0924714 0 -2.4402
 0.13 0 10.4024 -0.0940611 0 -2.42711
 0.13 0 10.4124 -0.0951278 0 -2.41303
 0.13 0 10.4224 -0.0936636 0 -2.39759
 0.13 0 10.4324 -0.0925867 0 -2.38231
 0.13 0 10.4424 -0.0923025 0 -2.36654
 0.13 0 10.4524 -0.0939552 0 -2.34802
 0.13 0 10.4624 -0.0933473 0 -2.33133
 0.13 0 10.4724 -0.0918984 0 -2.31484
 0.13 0 10.4824 -0.0901321 0 -2.29824
 0.13 0 10.4924 -0.0873043 0 -2.28173
 0.13 0 10.5024 -0.0710157 0 -2.26853
 0.13 0 10.5124 -0.0515221 0 -2.25501
 0.13 0 10.5224 -0.0484032 0 -2.24967
 0.13 0 10.5324 -0.045072 0 -2.24436
 0.13 0 10.5424 -0.0413688 0 -2.23902
 0.13 0 10.5524 -0.0372937 0 -2.23364
 0.13 0 10.5624 -0.0275162 0 -2.23181
 0.13 0 10.5724 -0.0180106 0 -2.23325
 0.13 0 10.5824 -0.0185043 0 -2.23501
 0.13 0 10.5924 -0.0194514 0 -2.23601
 0.13 0 10.6024 -0.0208521 0 -2.23626
 0.13 0 10.6124 -0.0219919 0 -2.23439
 0.13 0 10.6224 -0.0245463 0 -2.23096
 0.13 0 10.6324 -0.0268335 0 -2.22828
 0.13 0 10.6424 -0.0288468 0 -2.2262
 0.13 0 10.6524 -0.0333155 0 -2.22209
 0.13 0 10.6624 -0.0377108 0 -2.21633
 0.13 0 10.6724 -0.0404579 0 -2.20939
 0.13 0 10.6824 -0.0431804 0 -2.20136
 0.13 0 10.6924 -0.0429968 0 -2.19456
 0.13 0 10.7024 -0.0419229 0 -2.18805
 0.13 0 10.7124 -0.0421907 0 -2.17831
 0.13 0 10.7224 -0.0435014 0 -2.16708
 0.13 0 10.7324 -0.0434532 0 -2.1571
 0.13 0 10.7424 -0.0407998 0 -2.14907
 0.13 0 10.7524 -0.0375873 0 -2.14207
 0.13 0 10.7624 -0.0338158 0 -2.13612
 0.13 0 10.7724 -0.0221116 0 -2.13469
 0.13 0 10.7824 -0.0194897 0 -2.13686
 0.13 0 10.7924 -0.0205932 0 -2.13892
 0.13 0 10.8024 -0.0216534 0 -2.14069
 0.13 0 10.8124 -0.0226701 0 -2.1422
 0.13 0 10.8224 -0.0235759 0 -2.14222
 0.13 0 10.8324 -0.0263784 0 -2.14009
 0.13 0 10.8424 -0.0337426 0 -2.1383
 0.13 0 10.8524 -0.0412574 0 -2.13514
 0.13 0 10.8624 -0.0489227 0 -2.1306
 0.13 0 10.8724 -0.0567385 0 -2.12469
 0.14 0 10.0724 -0.0395984 0 -3.03078
 0.14 0 10.0824 -0.0499171 0 -3.03094
 0.14 0 10.0924 -0.0562708 0 -3.02648
 0.14 0 10.1024 -0.0628491 0 -3.02171
 0.14 0 10.1124 -0.0700371 0 -3.01432
 0.14 0 10.1224 -0.0851972 0 -3.00115
 0.14 0 10.1324 -0.103806 0 -2.98597
 0.14 0 10.1424 -0.122682 0 -2.97107
 0.14 0 10.1524 -0.137551 0 -2.95412
 0.14 0 10.1624 -0.142519 0 -2.9321
 0.14 0 10.1724 -0.148942 0 -2.90729
 0.14 0 10.1824 -0.157783 0 -2.87832
 0.14 0 10.1924 -0.164974 0 -2.84875
 0.14 0 10.2024 -0.170515 0 -2.81858
 0.14 0 10.2124 -0.174406 0 -2.78781
 0.14 0 10.2224 -0.17695 0 -2.75694
 0.14 0 10.2324 -0.174586 0 -2.73207
 0.14 0 10.2424 -0.170616 0 -2.70517
 0.14 0 10.2524 -0.16702 0 -2.67618
 0.14 0 10.2624 -0.163538 0 -2.64648
 0.14 0 10.2724 -0.160169 0 -2.61606
 0.14 0 10.2824 -0.156913 0 -2.58492
 0.14 0 10.2924 -0.1344 0 -2.561
 0.14 0 10.3024 -0.111169 0 -2.54536
 0.14 0 10.3124 -0.110317 0 -2.53513
 0.14 0 10.3224 -0.108722 0 -2.52449
 0.14 0 10.3324 -0.106385 0 -2.51345
 0.14 0 10.3424 -0.103305 0 -2.502
 0.14 0 10.3524 -0.0994925 0 -2.48904
 0.14 0 10.3624 -0.0976966 0 -2.47557
 0.14 0 10.3724 -0.0974429 0 -2.46426
 0.14 0 10.3824 -0.0979526 0 -2.45255
 0.14 0 10.3924 -0.0992256 0 -2.44042
 0.14 0 10.4024 -0.101262 0 -2.42789
 0.14 0 10.4124 -0.103354 0 -2.4146
 0.14 0 10.4224 -0.101771 0 -2.39915
 0.14 0 10.4324 -0.100574 0 -2.38389
 0.14 0 10.4424 -0.10233 0 -2.36434
 0.14 0 10.4524 -0.103738 0 -2.3456
 0.14 0 10.4624 -0.104117 0 -2.328
 0.14 0 10.4724 -0.103185 0 -2.31065
 0.14 0 10.4824 -0.101935 0 -2.29317
 0.14 0 10.4924 -0.0940112 0 -2.27719
 0.14 0 10.5024 -0.0782675 0 -2.26227
 0.14 0 10.5124 -0.0593187 0 -2.24705
 0.14 0 10.5224 -0.0498243 0 -2.23792
 0.14 0 10.5324 -0.0471576 0 -2.23263
 0.14 0 10.5424 -0.0441189 0 -2.2273
 0.14 0 10.5524 -0.0384672 0 -2.22387
 0.14 0 10.5624 -0.0233286 0 -2.22831
 0.14 0 10.5724 -0.0117111 0 -2.23033
 0.14 0 10.5824 -0.0127659 0 -2.23294
 0.14 0 10.5924 -0.0142741 0 -2.23479
 0.14 0 10.6024 -0.0162358 0 -2.23588
 0.14 0 10.6124 -0.0223485 0 -2.23764
 0.14 0 10.6224 -0.0258736 0 -2.23582
 0.14 0 10.6324 -0.027833 0 -2.23301
 0.14 0 10.6424 -0.0295362 0 -2.23078
 0.14 0 10.6524 -0.0355345 0 -2.22517
 0.14 0 10.6624 -0.0405537 0 -2.21856
 0.14 0 10.6724 -0.044594 0 -2.21094
 0.14 0 10.6824 -0.0475398 0 -2.20238
 0.14 0 10.6924 -0.0470293 0 -2.19595
 0.14 0 10.7024 -0.047429 0 -2.18492
 0.14 0 10.7124 -0.0484268 0 -2.17394
 0.14 0 10.7224 -0.0499331 0 -2.16335
 0.14 0 10.7324 -0.0503069 0 -2.15318
 0.14 0 10.7424 -0.0477724 0 -2.14392
 0.14 0 10.7524 -0.0446789 0 -2.1357
 0.14 0 10.7624 -0.0353954 0 -2.13044
 0.14 0 10.7724 -0.0196805 0 -2.12953
 0.14 0 10.7824 -0.0150608 0 -2.13163
 0.14 0 10.7924 -0.016966 0 -2.13387
 0.14 0 10.8024 -0.0188277 0 -2.13583
 0.14 0 10.8124 -0.0206461 0 -2.13752
 0.14 0 10.8224 -0.0203058 0 -2.14041
 0.14 0 10.8324 -0.0227749 0 -2.14603
 0.14 0 10.8424 -0.0370475 0 -2.14925
 0.14 0 10.8524 -0.0448796 0 -2.14618
 0.14 0 10.8624 -0.0528623 0 -2.14174
 0.14 0 10.8724 -0.0609955 0 -2.13593
 0.15 0 10.0724 -0.0373066 0 -3.03861
 0.15 0 10.0824 -0.0479607 0 -3.04111
 0.15 0 10.0924 -0.0576102 0 -3.04106
 0.15 0 10.1024 -0.0640248 0 -3.0366
 0.15 0 10.1124 -0.0767754 0 -3.02492
 0.15 0 10.1224 -0.0941539 0 -3.00969
 0.15 0 10.1324 -0.111799 0 -2.99473
 0.15 0 10.1424 -0.129711 0 -2.98004
 0.15 0 10.1524 -0.14789 0 -2.96563
 0.15 0 10.1624 -0.15492 0 -2.94468
 0.15 0 10.1724 -0.163623 0 -2.91663
 0.15 0 10.1824 -0.172769 0 -2.8862
 0.15 0 10.1924 -0.180265 0 -2.85516
 0.15 0 10.2024 -0.186111 0 -2.82353
 0.15 0 10.2124 -0.193828 0 -2.7917
 0.15 0 10.2224 -0.19984 0 -2.75878
 0.15 0 10.2324 -0.190173 0 -2.72012
 0.15 0 10.2424 -0.187569 0 -2.69111
 0.15 0 10.2524 -0.18508 0 -2.66137
 0.15 0 10.2624 -0.182703 0 -2.63093
 0.15 0 10.2724 -0.180441 0 -2.59976
 0.15 0 10.2824 -0.175844 0 -2.56864
 0.15 0 10.2924 -0.142777 0 -2.54938
 0.15 0 10.3024 -0.115109 0 -2.53466
 0.15 0 10.3124 -0.110196 0 -2.524
 0.15 0 10.3224 -0.11036 0 -2.51337
 0.15 0 10.3324 -0.10978 0 -2.50233
 0.15 0 10.3424 -0.108458 0 -2.49089
 0.15 0 10.3524 -0.105056 0 -2.4812
 0.15 0 10.3624 -0.0995785 0 -2.47579
 0.15 0 10.3724 -0.102307 0 -2.46413
 0.15 0 10.3824 -0.104208 0 -2.45252
 0.15 0 10.3924 -0.105928 0 -2.44096
 0.15 0 10.4024 -0.108411 0 -2.42899
 0.15 0 10.4124 -0.111657 0 -2.41661
 0.15 0 10.4224 -0.110007 0 -2.4012
 0.15 0 10.4324 -0.111125 0 -2.38182
 0.15 0 10.4424 -0.112864 0 -2.36168
 0.15 0 10.4524 -0.114027 0 -2.34271
 0.15 0 10.4624 -0.114614 0 -2.32493
 0.15 0 10.4724 -0.114256 0 -2.30681
 0.15 0 10.4824 -0.113209 0 -2.28854
 0.15 0 10.4924 -0.101215 0 -2.27223
 0.15 0 10.5024 -0.0860159 0 -2.25561
 0.15 0 10.5124 -0.067612 0 -2.23867
 0.15 0 10.5224 -0.0512641 0 -2.22445
 0.15 0 10.5324 -0.049262 0 -2.21917
 0.15 0 10.5424 -0.0468879 0 -2.21385
 0.15 0 10.5524 -0.0325917 0 -2.22049
 0.15 0 10.5624 -0.0192419 0 -2.22624
 0.15 0 10.5724 -0.00850753 0 -2.2294
 0.15 0 10.5824 -0.00797579 0 -2.23242
 0.15 0 10.5924 -0.0100451 0 -2.23511
 0.15 0 10.6024 -0.013894 0 -2.23678
 0.15 0 10.6124 -0.0202725 0 -2.23905
 0.15 0 10.6224 -0.0269199 0 -2.2418
 0.15 0 10.6324 -0.0285516 0 -2.23884
 0.15 0 10.6424 -0.0313675 0 -2.23558
 0.15 0 10.6524 -0.0379586 0 -2.22911
 0.15 0 10.6624 -0.0435707 0 -2.22164
 0.15 0 10.6724 -0.0482039 0 -2.21316
 0.15 0 10.6824 -0.0539304 0 -2.20464
 0.15 0 10.6924 -0.0532891 0 -2.18969
 0.15 0 10.7024 -0.053974 0 -2.17897
 0.15 0 10.7124 -0.0551674 0 -2.16862
 0.15 0 10.7224 -0.0568694 0 -2.15866
 0.15 0 10.7324 -0.0576792 0 -2.14854
 0.15 0 10.7424 -0.0552637 0 -2.13806
 0.15 0 10.7524 -0.0482275 0 -2.12939
 0.15 0 10.7624 -0.0339997 0 -2.12446
 0.15 0 10.7724 -0.0169802 0 -2.12297
 0.15 0 10.7824 -0.0098278 0 -2.12488
 0.15 0 10.7924 -0.0125346 0 -2.1273
 0.15 0 10.8024 -0.015198 0 -2.12945
 0.15 0 10.8124 -0.015497 0 -2.13431
 0.15 0 10.8224 -0.00895841 0 -2.14487
 0.15 0 10.8324 -0.0141954 0 -2.14963
 0.15 0 10.8424 -0.0293932 0 -2.1526
 0.15 0 10.8524 -0.0445035 0 -2.15513
 0.15 0 10.8624 -0.0568018 0 -2.15447
 0.15 0 10.8724 -0.0652524 0 -2.14876
 0.16 0 10.0724 -0.0309554 0 -3.04321
 0.16 0 10.0824 -0.0435701 0 -3.04993
 0.16 0 10.0924 -0.057558 0 -3.05643
 0.16 0 10.1024 -0.0701507 0 -3.04891
 0.16 0 10.1124 -0.0862984 0 -3.03362
 0.16 0 10.1224 -0.102713 0 -3.0186
 0.16 0 10.1324 -0.119394 0 -3.00387
 0.16 0 10.1424 -0.136343 0 -2.9894
 0.16 0 10.1524 -0.153558 0 -2.97522
 0.16 0 10.1624 -0.167716 0 -2.95819
 0.16 0 10.1724 -0.17972 0 -2.92724
 0.16 0 10.1824 -0.192185 0 -2.89621
 0.16 0 10.1924 -0.203483 0 -2.86438
 0.16 0 10.2024 -0.213616 0 -2.83175
 0.16 0 10.2124 -0.222583 0 -2.79832
 0.16 0 10.2224 -0.224011 0 -2.76164
 0.16 0 10.2324 -0.213827 0 -2.71691
 0.16 0 10.2424 -0.206491 0 -2.67481
 0.16 0 10.2524 -0.205107 0 -2.64434
 0.16 0 10.2624 -0.203838 0 -2.61315
 0.16 0 10.2724 -0.202681 0 -2.58124
 0.16 0 10.2824 -0.184531 0 -2.55422
 0.16 0 10.2924 -0.151153 0 -2.53663
 0.16 0 10.3024 -0.123174 0 -2.52357
 0.16 0 10.3124 -0.109399 0 -2.51383
 0.16 0 10.3224 -0.11132 0 -2.5032
 0.16 0 10.3324 -0.112499 0 -2.49216
 0.16 0 10.3424 -0.11183 0 -2.48331
 0.16 0 10.3524 -0.104692 0 -2.48336
 0.16 0 10.3624 -0.0986648 0 -2.47857
 0.16 0 10.3724 -0.102195 0 -2.46758
 0.16 0 10.3824 -0.106143 0 -2.45594
 0.16 0 10.3924 -0.110509 0 -2.44362
 0.16 0 10.4024 -0.115292 0 -2.43064
 0.16 0 10.4124 -0.1192 0 -2.4186
 0.16 0 10.4224 -0.120338 0 -2.40046
 0.16 0 10.4324 -0.122408 0 -2.37892
 0.16 0 10.4424 -0.123903 0 -2.35855
 0.16 0 10.4524 -0.124821 0 -2.33937
 0.16 0 10.4624 -0.125164 0 -2.32136
 0.16 0 10.4724 -0.125114 0 -2.30334
 0.16 0 10.4824 -0.120364 0 -2.28488
 0.16 0 10.4924 -0.108915 0 -2.26686
 0.16 0 10.5024 -0.094261 0 -2.24853
 0.16 0 10.5124 -0.076402 0 -2.22988
 0.16 0 10.5224 -0.055338 0 -2.21092
 0.16 0 10.5324 -0.0513852 0 -2.20398
 0.16 0 10.5424 -0.0409934 0 -2.20889
 0.16 0 10.5524 -0.026817 0 -2.21854
 0.16 0 10.5624 -0.0152561 0 -2.2256
 0.16 0 10.5724 -0.00631059 0 -2.23008
 0.16 0 10.5824 -0.00413405 0 -2.23345
 0.16 0 10.5924 -0.0068818 0 -2.23674
 0.16 0 10.6024 -0.0116604 0 -2.23785
 0.16 0 10.6124 -0.0175659 0 -2.24052
 0.16 0 10.6224 -0.0245983 0 -2.24477
 0.16 0 10.6324 -0.0289894 0 -2.24579
 0.16 0 10.6424 -0.0334039 0 -2.24123
 0.16 0 10.6524 -0.0405878 0 -2.2339
 0.16 0 10.6624 -0.0481941 0 -2.2265
 0.16 0 10.6724 -0.0570972 0 -2.21942
 0.16 0 10.6824 -0.06559 0 -2.21145
 0.16 0 10.6924 -0.0636139 0 -2.19596
 0.16 0 10.7024 -0.0623143 0 -2.17899
 0.16 0 10.7124 -0.0624126 0 -2.16236
 0.16 0 10.7224 -0.0643101 0 -2.15303
 0.16 0 10.7324 -0.0655701 0 -2.14318
 0.16 0 10.7424 -0.060608 0 -2.13152
 0.16 0 10.7524 -0.0478673 0 -2.12257
 0.16 0 10.7624 -0.0323348 0 -2.11707
 0.16 0 10.7724 -0.0140106 0 -2.11502
 0.16 0 10.7824 -0.00379061 0 -2.1166
 0.16 0 10.7924 -0.00729903 0 -2.11921
 0.16 0 10.8024 -0.00834642 0 -2.12649
 0.16 0 10.8124 -0.00385963 0 -2.14224
 0.16 0 10.8224 -8.35949e-05 0 -2.1523
 0.16 0 10.8324 -0.00773126 0 -2.1561
 0.16 0 10.8424 -0.022839 0 -2.158
 0.16 0 10.8524 -0.0378591 0 -2.15945
 0.16 0 10.8624 -0.0527918 0 -2.16046
 0.16 0 10.8724 -0.0676368 0 -2.16102
 0.17 0 10.0724 -0.0233938 0 -3.04358
 0.17 0 10.0824 -0.0301121 0 -3.05665
 0.17 0 10.0924 -0.0393109 0 -3.07467
 0.17 0 10.1024 -0.0864302 0 -3.07812
 0.17 0 10.1124 -0.100382 0 -3.06152
 0.17 0 10.1224 -0.114631 0 -3.04523
 0.17 0 10.1324 -0.129177 0 -3.02925
 0.17 0 10.1424 -0.144019 0 -3.01358
 0.17 0 10.1524 -0.159158 0 -2.99822
 0.17 0 10.1624 -0.184572 0 -2.97444
 0.17 0 10.1724 -0.204051 0 -2.94246
 0.17 0 10.1824 -0.217499 0 -2.90978
 0.17 0 10.1924 -0.229782 0 -2.8763
 0.17 0 10.2024 -0.240899 0 -2.84202
 0.17 0 10.2124 -0.25085 0 -2.80693
 0.17 0 10.2224 -0.248537 0 -2.76722
 0.17 0 10.2324 -0.240703 0 -2.72118
 0.17 0 10.2424 -0.232189 0 -2.66977
 0.17 0 10.2524 -0.227104 0 -2.62507
 0.17 0 10.2624 -0.22694 0 -2.59314
 0.17 0 10.2724 -0.22689 0 -2.56049
 0.17 0 10.2824 -0.193217 0 -2.53865
 0.17 0 10.2924 -0.159528 0 -2.52273
 0.17 0 10.3024 -0.131239 0 -2.51134
 0.17 0 10.3124 -0.108349 0 -2.50449
 0.17 0 10.3224 -0.111604 0 -2.49397
 0.17 0 10.3324 -0.113683 0 -2.48598
 0.17 0 10.3424 -0.110462 0 -2.4884
 0.17 0 10.3524 -0.104778 0 -2.48757
 0.17 0 10.3624 -0.0983247 0 -2.48293
 0.17 0 10.3724 -0.102656 0 -2.47262
 0.17 0 10.3824 -0.107406 0 -2.46165
 0.17 0 10.3924 -0.112573 0 -2.45002
 0.17 0 10.4024 -0.118157 0 -2.43772
 0.17 0 10.4124 -0.126554 0 -2.42437
 0.17 0 10.4224 -0.134821 0 -2.40427
 0.17 0 10.4324 -0.135462 0 -2.38145
 0.17 0 10.4424 -0.135878 0 -2.35963
 0.17 0 10.4524 -0.136068 0 -2.33881
 0.17 0 10.4624 -0.136032 0 -2.31897
 0.17 0 10.4724 -0.135715 0 -2.30023
 0.17 0 10.4824 -0.128016 0 -2.28081
 0.17 0 10.4924 -0.117112 0 -2.26108
 0.17 0 10.5024 -0.103003 0 -2.24104
 0.17 0 10.5124 -0.0856887 0 -2.22068
 0.17 0 10.5224 -0.0651696 0 -2.20001
 0.17 0 10.5324 -0.0485339 0 -2.1935
 0.17 0 10.5424 -0.0335309 0 -2.20705
 0.17 0 10.5524 -0.0211433 0 -2.21802
 0.17 0 10.5624 -0.0113712 0 -2.2264
 0.17 0 10.5724 -0.00421457 0 -2.23219
 0.17 0 10.5824 -0.00124066 0 -2.23604
 0.17 0 10.5924 -0.00449053 0 -2.23746
 0.17 0 10.6024 -0.00879607 0 -2.23898
 0.17 0 10.6124 -0.0142285 0 -2.24207
 0.17 0 10.6224 -0.0207879 0 -2.24672
 0.17 0 10.6324 -0.0284743 0 -2.25293
 0.17 0 10.6424 -0.0364926 0 -2.2486
 0.17 0 10.6524 -0.0469601 0 -2.24285
 0.17 0 10.6624 -0.0570174 0 -2.23622
 0.17 0 10.6724 -0.0666645 0 -2.22869
 0.17 0 10.6824 -0.0752261 0 -2.21999
 0.17 0 10.6924 -0.0727484 0 -2.20549
 0.17 0 10.7024 -0.0714728 0 -2.18983
 0.17 0 10.7124 -0.0713993 0 -2.17301
 0.17 0 10.7224 -0.0725279 0 -2.15504
 0.17 0 10.7324 -0.0725369 0 -2.13684
 0.17 0 10.7424 -0.0612832 0 -2.12387
 0.17 0 10.7524 -0.0472379 0 -2.11436
 0.17 0 10.7624 -0.0304008 0 -2.10829
 0.17 0 10.7724 -0.0107719 0 -2.10568
 0.17 0 10.7824 0.00305074 0 -2.1068
 0.17 0 10.7924 0.00114595 0 -2.11695
 0.17 0 10.8024 0.00358095 0 -2.13789
 0.17 0 10.8124 0.00530518 0 -2.15314
 0.17 0 10.8224 0.00631866 0 -2.1627
 0.17 0 10.8324 -0.00338247 0 -2.16545
 0.17 0 10.8424 -0.0184001 0 -2.16626
 0.17 0 10.8524 -0.0333301 0 -2.16663
 0.17 0 10.8624 -0.0481726 0 -2.16656
 0.17 0 10.8724 -0.0625169 0 -2.16762
 0.18 0 10.0724 0.000118417 0 -3.05388
 0.18 0 10.0824 0.000104625 0 -3.07604
 0.18 0 10.0924 -0.0338655 0 -3.09935
 0.18 0 10.1024 -0.0936087 0 -3.10839
 0.18 0 10.1124 -0.116418 0 -3.09449
 0.18 0 10.1224 -0.128279 0 -3.07686
 0.18 0 10.1324 -0.140437 0 -3.05953
 0.18 0 10.1424 -0.152891 0 -3.04252
 0.18 0 10.1524 -0.165643 0 -3.02582
 0.18 0 10.1624 -0.199124 0 -2.99282
 0.18 0 10.1724 -0.227893 0 -2.95968
 0.18 0 10.1824 -0.242325 0 -2.92535
 0.18 0 10.1924 -0.255592 0 -2.89022
 0.18 0 10.2024 -0.267693 0 -2.85428
 0.18 0 10.2124 -0.278223 0 -2.81749
 0.18 0 10.2224 -0.273418 0 -2.77551
 0.18 0 10.2324 -0.267934 0 -2.72817
 0.18 0 10.2424 -0.26177 0 -2.67546
 0.18 0 10.2524 -0.254926 0 -2.61738
 0.18 0 10.2624 -0.252011 0 -2.57091
 0.18 0 10.2724 -0.241301 0 -2.54073
 0.18 0 10.2824 -0.201902 0 -2.52194
 0.18 0 10.2924 -0.167903 0 -2.50769
 0.18 0 10.3024 -0.139303 0 -2.49798
 0.18 0 10.3124 -0.116102 0 -2.4928
 0.18 0 10.3224 -0.110615 0 -2.48921
 0.18 0 10.3324 -0.111311 0 -2.49399
 0.18 0 10.3424 -0.109545 0 -2.49553
 0.18 0 10.3524 -0.105316 0 -2.49381
 0.18 0 10.3624 -0.0986257 0 -2.48885
 0.18 0 10.3724 -0.103691 0 -2.47924
 0.18 0 10.3824 -0.109242 0 -2.46895
 0.18 0 10.3924 -0.11521 0 -2.45799
 0.18 0 10.4024 -0.121597 0 -2.44637
 0.18 0 10.4124 -0.138274 0 -2.43176
 0.18 0 10.4224 -0.151008 0 -2.41485
 0.18 0 10.4324 -0.14981 0 -2.39266
 0.18 0 10.4424 -0.148388 0 -2.37145
 0.18 0 10.4524 -0.146739 0 -2.35123
 0.18 0 10.4624 -0.144865 0 -2.33201
 0.18 0 10.4724 -0.152245 0 -2.30028
 0.18 0 10.4824 -0.153906 0 -2.26384
 0.18 0 10.4924 -0.14296 0 -2.2373
 0.18 0 10.5024 -0.128811 0 -2.21081
 0.18 0 10.5124 -0.111457 0 -2.18437
 0.18 0 10.5224 -0.0908991 0 -2.15799
 0.18 0 10.5324 -0.0242216 0 -2.16028
 0.18 0 10.5424 -0.0125961 0 -2.18186
 0.18 0 10.5524 -0.0035495 0 -2.20008
 0.18 0 10.5624 0.00291817 0 -2.21494
 0.18 0 10.5724 0.00680692 0 -2.22644
 0.18 0 10.5824 0.00121626 0 -2.24179
 0.18 0 10.5924 -0.00286904 0 -2.24577
 0.18 0 10.6024 -0.00576402 0 -2.24848
 0.18 0 10.6124 -0.00951674 0 -2.25271
 0.18 0 10.6224 -0.0141272 0 -2.25844
 0.18 0 10.6324 -0.0218269 0 -2.26437
 0.18 0 10.6424 -0.0424796 0 -2.26123
 0.18 0 10.6524 -0.0536912 0 -2.25504
 0.18 0 10.6624 -0.0644926 0 -2.24795
 0.18 0 10.6724 -0.0748837 0 -2.23998
 0.18 0 10.6824 -0.0828251 0 -2.23059
 0.18 0 10.6924 -0.0803714 0 -2.21739
 0.18 0 10.7024 -0.0791197 0 -2.20304
 0.18 0 10.7124 -0.0790703 0 -2.18753
 0.18 0 10.7224 -0.0813836 0 -2.1689
 0.18 0 10.7324 -0.0938789 0 -2.12531
 0.18 0 10.7424 -0.0769356 0 -2.10598
 0.18 0 10.7524 -0.0574413 0 -2.09293
 0.18 0 10.7624 -0.0356531 0 -2.08591
 0.18 0 10.7724 -0.011571 0 -2.08492
 0.18 0 10.7824 0.0158917 0 -2.10022
 0.18 0 10.7924 0.0133633 0 -2.13183
 0.18 0 10.8024 0.0130357 0 -2.15226
 0.18 0 10.8124 0.0119974 0 -2.16701
 0.18 0 10.8224 0.0102484 0 -2.17606
 0.18 0 10.8324 -0.00114901 0 -2.17766
 0.18 0 10.8424 -0.0160765 0 -2.1774
 0.18 0 10.8524 -0.0300813 0 -2.18165
 0.18 0 10.8624 -0.0424215 0 -2.18705
 0.18 0 10.8724 -0.0531211 0 -2.19293
 0.19 0 10.0724 0.0357196 0 -3.06963
 0.19 0 10.0824 0.038185 0 -3.09992
 0.19 0 10.0924 -0.0256708 0 -3.1265
 0.19 0 10.1024 -0.0874102 0 -3.13655
 0.19 0 10.1124 -0.133392 0 -3.12823
 0.19 0 10.1224 -0.142865 0 -3.10925
 0.19 0 10.1324 -0.152635 0 -3.09059
 0.19 0 10.1424 -0.162702 0 -3.07224
 0.19 0 10.1524 -0.183273 0 -3.04664
 0.19 0 10.1624 -0.215732 0 -3.01221
 0.19 0 10.1724 -0.247147 0 -2.97831
 0.19 0 10.1824 -0.266663 0 -2.94292
 0.19 0 10.1924 -0.280913 0 -2.90613
 0.19 0 10.2024 -0.293998 0 -2.86855
 0.19 0 10.2124 -0.301109 0 -2.8298
 0.19 0 10.2224 -0.298654 0 -2.78652
 0.19 0 10.2324 -0.29552 0 -2.73787
 0.19 0 10.2424 -0.291706 0 -2.68386
 0.19 0 10.2524 -0.287212 0 -2.62448
 0.19 0 10.2624 -0.282039 0 -2.55973
 0.19 0 10.2724 -0.2484 0 -2.51397
 0.19 0 10.2824 -0.206035 0 -2.49218
 0.19 0 10.2924 -0.168405 0 -2.47801
 0.19 0 10.3024 -0.135512 0 -2.47147
 0.19 0 10.3124 -0.107355 0 -2.47255
 0.19 0 10.3224 -0.10574 0 -2.49511
 0.19 0 10.3324 -0.10939 0 -2.50404
 0.19 0 10.3424 -0.109079 0 -2.50469
 0.19 0 10.3524 -0.106305 0 -2.5021
 0.19 0 10.3624 -0.101069 0 -2.49625
 0.19 0 10.3724 -0.1053 0 -2.48743
 0.19 0 10.3824 -0.111652 0 -2.47782
 0.19 0 10.3924 -0.118422 0 -2.46755
 0.19 0 10.4024 -0.131408 0 -2.45448
 0.19 0 10.4124 -0.148517 0 -2.43987
 0.19 0 10.4224 -0.165191 0 -2.42551
 0.19 0 10.4324 -0.163213 0 -2.40436
 0.19 0 10.4424 -0.159952 0 -2.38376
 0.19 0 10.4524 -0.156465 0 -2.36416
 0.19 0 10.4624 -0.15768 0 -2.34181
 0.19 0 10.4724 -0.174654 0 -2.29946
 0.19 0 10.4824 -0.189708 0 -2.24505
 0.19 0 10.4924 -0.179154 0 -2.21089
 0.19 0 10.5024 -0.165396 0 -2.1768
 0.19 0 10.5124 -0.148435 0 -2.14275
 0.19 0 10.5224 -0.105732 0 -2.10964
 0.19 0 10.5324 0.0111342 0 -2.11908
 0.19 0 10.5424 0.0213542 0 -2.14742
 0.19 0 10.5524 0.0280339 0 -2.17228
 0.19 0 10.5624 0.0321348 0 -2.19378
 0.19 0 10.5724 0.0313039 0 -2.2148
 0.19 0 10.5824 0.0109674 0 -2.24803
 0.19 0 10.5924 -0.00202124 0 -2.26171
 0.19 0 10.6024 -0.00246228 0 -2.26442
 0.19 0 10.6124 -0.00376105 0 -2.26864
 0.19 0 10.6224 -0.00591754 0 -2.27437
 0.19 0 10.6324 -0.019913 0 -2.27607
 0.19 0 10.6424 -0.0422032 0 -2.27384
 0.19 0 10.6524 -0.0590741 0 -2.26923
 0.19 0 10.6624 -0.0706195 0 -2.2617
 0.19 0 10.6724 -0.0817547 0 -2.25327
 0.19 0 10.6824 -0.0889124 0 -2.24356
 0.19 0 10.6924 -0.0864827 0 -2.23167
 0.19 0 10.7024 -0.0852551 0 -2.21862
 0.19 0 10.7124 -0.0854653 0 -2.20419
 0.19 0 10.7224 -0.103519 0 -2.16563
 0.19 0 10.7324 -0.119987 0 -2.11488
 0.19 0 10.7424 -0.106417 0 -2.08187
 0.19 0 10.7524 -0.0831804 0 -2.06083
 0.19 0 10.7624 -0.0576498 0 -2.04581
 0.19 0 10.7724 -0.0254311 0 -2.0374
 0.19 0 10.7824 0.0580223 0 -2.07203
 0.19 0 10.7924 0.0502768 0 -2.11212
 0.19 0 10.8024 0.0416666 0 -2.14425
 0.19 0 10.8124 0.0321917 0 -2.16841
 0.19 0 10.8224 0.0208368 0 -2.18551
 0.19 0 10.8324 -0.00092489 0 -2.19926
 0.19 0 10.8424 -0.0137376 0 -2.20336
 0.19 0 10.8524 -0.0249097 0 -2.20793
 0.19 0 10.8624 -0.0344411 0 -2.21298
 0.19 0 10.8724 -0.0482912 0 -2.21632
 0.2 0 10.0724 0.0818235 0 -3.08976
 0.2 0 10.0824 0.0511255 0 -3.12851
 0.2 0 10.0924 -0.0147266 0 -3.1561
 0.2 0 10.1024 -0.0784624 0 -3.16717
 0.2 0 10.1124 -0.140082 0 -3.1617
 0.2 0 10.1224 -0.15839 0 -3.14243
 0.2 0 10.1324 -0.165772 0 -3.12242
 0.2 0 10.1424 -0.173451 0 -3.10273
 0.2 0 10.1524 -0.203454 0 -3.06808
 0.2 0 10.1624 -0.234394 0 -3.03262
 0.2 0 10.1724 -0.26429 0 -2.99768
 0.2 0 10.1824 -0.290512 0 -2.96249
 0.2 0 10.1924 -0.305746 0 -2.92405
 0.2 0 10.2024 -0.319815 0 -2.88481
 0.2 0 10.2124 -0.324349 0 -2.84484
 0.2 0 10.2224 -0.324245 0 -2.80025
 0.2 0 10.2324 -0.32346 0 -2.7503
 0.2 0 10.2424 -0.321996 0 -2.69498
 0.2 0 10.2524 -0.335001 0 -2.62323
 0.2 0 10.2624 -0.367199 0 -2.52935
 0.2 0 10.2724 -0.262192 0 -2.44472
 0.2 0 10.2824 -0.186034 0 -2.42578
 0.2 0 10.2924 -0.14443 0 -2.42483
 0.2 0 10.3024 -0.107563 0 -2.4315
 0.2 0 10.3124 -0.0768898 0 -2.44682
 0.2 0 10.3224 -0.0902266 0 -2.48681
 0.2 0 10.3324 -0.103436 0 -2.51111
 0.2 0 10.3424 -0.109064 0 -2.5159
 0.2 0 10.3524 -0.107745 0 -2.51242
 0.2 0 10.3624 -0.103964 0 -2.50569
 0.2 0 10.3724 -0.107482 0 -2.49721
 0.2 0 10.3824 -0.114636 0 -2.48828
 0.2 0 10.3924 -0.124585 0 -2.47743
 0.2 0 10.4024 -0.141153 0 -2.46295
 0.2 0 10.4124 -0.157285 0 -2.44871
 0.2 0 10.4224 -0.172983 0 -2.43473
 0.2 0 10.4324 -0.17567 0 -2.41655
 0.2 0 10.4424 -0.17057 0 -2.39658
 0.2 0 10.4524 -0.165245 0 -2.37759
 0.2 0 10.4624 -0.182688 0 -2.34465
 0.2 0 10.4724 -0.20305 0 -2.29756
 0.2 0 10.4824 -0.2217 0 -2.23816
 0.2 0 10.4924 -0.22472 0 -2.18317
 0.2 0 10.5024 -0.211354 0 -2.14145
 0.2 0 10.5124 -0.194785 0 -2.0998
 0.2 0 10.5224 -0.103219 0 -2.05961
 0.2 0 10.5324 0.0256161 0 -2.0739
 0.2 0 10.5424 0.0641761 0 -2.11349
 0.2 0 10.5524 0.068489 0 -2.145
 0.2 0 10.5624 0.070223 0 -2.17314
 0.2 0 10.5724 0.0505754 0 -2.21963
 0.2 0 10.5824 0.0269512 0 -2.25582
 0.2 0 10.5924 0.00326437 0 -2.27641
 0.2 0 10.6024 0.00145699 0 -2.28053
 0.2 0 10.6124 0.00261217 0 -2.28474
 0.2 0 10.6224 0.00269923 0 -2.29039
 0.2 0 10.6324 -0.0189564 0 -2.28843
 0.2 0 10.6424 -0.0403248 0 -2.28642
 0.2 0 10.6524 -0.061406 0 -2.28433
 0.2 0 10.6624 -0.0753983 0 -2.27746
 0.2 0 10.6724 -0.0872776 0 -2.26859
 0.2 0 10.6824 -0.0934882 0 -2.25891
 0.2 0 10.6924 -0.0910825 0 -2.24832
 0.2 0 10.7024 -0.0898789 0 -2.23658
 0.2 0 10.7124 -0.111656 0 -2.2042
 0.2 0 10.7224 -0.133683 0 -2.15849
 0.2 0 10.7324 -0.154124 0 -2.10058
 0.2 0 10.7424 -0.147013 0 -2.05351
 0.2 0 10.7524 -0.120034 0 -2.02447
 0.2 0 10.7624 -0.0907607 0 -2.00146
 0.2 0 10.7724 0.00483517 0 -1.99437
 0.2 0 10.7824 0.10706 0 -2.04551
 0.2 0 10.7924 0.0960186 0 -2.09098
 0.2 0 10.8024 0.0841125 0 -2.12849
 0.2 0 10.8124 0.0705797 0 -2.15885
 0.2 0 10.8224 0.0348403 0 -2.20066
 0.2 0 10.8324 2.26441e-05 0 -2.22653
 0.2 0 10.8424 -0.00998127 0 -2.23028
 0.2 0 10.8524 -0.0183446 0 -2.2345
 0.2 0 10.8624 -0.0250672 0 -2.23919
 0.2 0 10.8724 -0.0526214 0 -2.23705
