# x y z bx by bz
 0 0 9.46239 0 0 -3.13259
 0 0 9.47239 0 0 -3.13438
 0 0 9.48239 0 0 -3.13572
 0 0 9.49239 0 0 -3.13656
 0 0 9.50239 0 0 -3.13746
 0 0 9.51239 0 0 -3.13848
 0 0 9.52239 0 0 -3.13958
 0 0 9.53239 0 0 -3.14072
 0 0 9.54239 0 0 -3.14263
 0 0 9.55239 0 0 -3.14454
 0 0 9.56239 0 0 -3.14664
 0 0 9.57239 0 0 -3.1496
 0 0 9.58239 0 0 -3.15284
 0 0 9.59239 0 0 -3.15641
 0 0 9.60239 0 0 -3.16018
 0 0 9.61239 0 0 -3.16404
 0 0 9.62239 0 0 -3.16818
 0 0 9.63239 0 0 -3.17242
 0 0 9.64239 0 0 -3.17666
 0 0 9.65239 0 0 -3.18081
 0 0 9.66239 0 0 -3.1848
 0 0 9.67239 0 0 -3.18854
 0 0 9.68239 0 0 -3.19188
 0 0 9.69239 0 0 -3.19522
 0 0 9.70239 0 0 -3.19804
 0 0 9.71239 0 0 -3.19998
 0 0 9.72239 0 0 -3.20145
 0 0 9.73239 0 0 -3.20228
 0 0 9.74239 0 0 -3.20287
 0 0 9.75239 0 0 -3.20332
 0 0 9.76239 0 0 -3.20225
 0 0 9.77239 0 0 -3.20055
 0 0 9.78239 0 0 -3.19823
 0 0 9.79239 0 0 -3.19539
 0 0 9.80239 0 0 -3.19218
 0 0 9.81239 0 0 -3.18807
 0 0 9.82239 0 0 -3.18308
 0 0 9.83239 0 0 -3.17781
 0 0 9.84239 4.53876e-19 0 -3.172
 0 0 9.85239 4.49508e-19 0 -3.16581
 0 0 9.86239 4.4514e-19 0 -3.15932
 0 0 9.87239 0 0 -3.15194
 0 0 9.88239 0 0 -3.14438
 0 0 9.89239 0 0 -3.13661
 0 0 9.90239 0 0 -3.12864
 0 0 9.91239 0 0 -3.12062
 0 0 9.92239 0 0 -3.11248
 0 0 9.93239 0 0 -3.10427
 0 0 9.94239 0 0 -3.09609
 0 0 9.95239 0 0 -3.08799
 0 0 9.96239 0 0 -3.07996
 0 0 9.97239 0 0 -3.072
 0 0 9.98239 0 0 -3.06435
 0 0 9.99239 0 0 -3.05665
 0 0 10.0024 -1.00545e-18 0 -3.04897
 0 0 10.0124 -9.93706e-19 0 -3.04141
 0 0 10.0224 -9.81958e-19 0 -3.03374
 0 0 10.0324 -9.7021e-19 0 -3.02595
 0 0 10.0424 -9.58463e-19 0 -3.01804
 0 0 10.0524 -9.46715e-19 0 -3.01002
 0 0 10.0624 -9.34967e-19 0 -3.00188
 0.01 0 9.46239 0.00102872 0 -3.13281
 0.01 0 9.47239 0.00098149 0 -3.13465
 0.01 0 9.48239 0.000150045 0 -3.13582
 0.01 0 9.49239 0.000298144 0 -3.13662
 0.01 0 9.50239 0.000440832 0 -3.13749
 0.01 0 9.51239 0.000504377 0 -3.13841
 0.01 0 9.52239 0.000403964 0 -3.13946
 0.01 0 9.53239 0.000825327 0 -3.14073
 0.01 0 9.54239 0.000903155 0 -3.14248
 0.01 0 9.55239 0.000721791 0 -3.14433
 0.01 0 9.56239 0.00147881 0 -3.14672
 0.01 0 9.57239 0.00169155 0 -3.14968
 0.01 0 9.58239 0.00174238 0 -3.15283
 0.01 0 9.59239 0.00175454 0 -3.1563
 0.01 0 9.60239 0.0017261 0 -3.16
 0.01 0 9.61239 0.0020272 0 -3.16403
 0.01 0 9.62239 0.002104 0 -3.16824
 0.01 0 9.63239 0.00207138 0 -3.17249
 0.01 0 9.64239 0.00208528 0 -3.17669
 0.01 0 9.65239 0.00210772 0 -3.18083
 0.01 0 9.66239 0.00199848 0 -3.18481
 0.01 0 9.67239 0.00172844 0 -3.18857
 0.01 0 9.68239 0.00184511 0 -3.19199
 0.01 0 9.69239 0.001764 0 -3.19529
 0.01 0 9.70239 0.000964615 0 -3.19787
 0.01 0 9.71239 0.000553174 0 -3.19988
 0.01 0 9.72239 0.000529688 0 -3.20149
 0.01 0 9.73239 0.000615782 0 -3.20254
 0.01 0 9.74239 0.000796171 0 -3.20331
 0.01 0 9.75239 -0.000314839 0 -3.20306
 0.01 0 9.76239 -0.000789641 0 -3.20196
 0.01 0 9.77239 -0.00106536 0 -3.20047
 0.01 0 9.78239 -0.00120611 0 -3.19845
 0.01 0 9.79239 -0.0013055 0 -3.19556
 0.01 0 9.80239 -0.00175454 0 -3.19213
 0.01 0 9.81239 -0.00238663 0 -3.18804
 0.01 0 9.82239 -0.00292574 0 -3.18331
 0.01 0 9.83239 -0.00284654 0 -3.17795
 0.01 0 9.84239 -0.00280908 0 -3.17212
 0.01 0 9.85239 -0.00294062 0 -3.16587
 0.01 0 9.86239 -0.00352646 0 -3.15917
 0.01 0 9.87239 -0.00382329 0 -3.15189
 0.01 0 9.88239 -0.00389456 0 -3.14439
 0.01 0 9.89239 -0.00389792 0 -3.13667
 0.01 0 9.90239 -0.00387733 0 -3.12876
 0.01 0 9.91239 -0.00400725 0 -3.12067
 0.01 0 9.92239 -0.00411664 0 -3.11246
 0.01 0 9.93239 -0.00403336 0 -3.10421
 0.01 0 9.94239 -0.00405076 0 -3.09606
 0.01 0 9.95239 -0.00408281 0 -3.08794
 0.01 0 9.96239 -0.00410563 0 -3.07989
 0.01 0 9.97239 -0.0038852 0 -3.07203
 0.01 0 9.98239 -0.00388383 0 -3.06431
 0.01 0 9.99239 -0.00396942 0 -3.05657
 0.01 0 10.0024 -0.00381921 0 -3.04892
 0.01 0 10.0124 -0.00371424 0 -3.0414
 0.01 0 10.0224 -0.00367024 0 -3.03381
 0.01 0 10.0324 -0.00362624 0 -3.02611
 0.01 0 10.0424 -0.00358224 0 -3.01829
 0.01 0 10.0524 -0.00353824 0 -3.01035
 0.01 0 10.0624 -0.00429695 0 -3.00184
 0.02 0 9.46239 0.00214946 0 -3.13357
 0.02 0 9.47239 0.00141621 0 -3.13484
 0.02 0 9.48239 0.000663797 0 -3.13592
 0.02 0 9.49239 0.000743656 0 -3.13675
 0.02 0 9.50239 0.000852827 0 -3.13748
 0.02 0 9.51239 0.00100267 0 -3.13821
 0.02 0 9.52239 0.000964658 0 -3.13926
 0.02 0 9.53239 0.00154509 0 -3.14054
 0.02 0 9.54239 0.00171423 0 -3.1421
 0.02 0 9.55239 0.00193201 0 -3.14413
 0.02 0 9.56239 0.00282315 0 -3.1465
 0.02 0 9.57239 0.00308202 0 -3.1494
 0.02 0 9.58239 0.00340016 0 -3.15252
 0.02 0 9.59239 0.00355379 0 -3.15589
 0.02 0 9.60239 0.00382155 0 -3.15989
 0.02 0 9.61239 0.00415934 0 -3.16397
 0.02 0 9.62239 0.00426569 0 -3.16816
 0.02 0 9.63239 0.00421968 0 -3.17247
 0.02 0 9.64239 0.00422327 0 -3.17682
 0.02 0 9.65239 0.00410083 0 -3.18097
 0.02 0 9.66239 0.00384067 0 -3.18499
 0.02 0 9.67239 0.00353334 0 -3.18887
 0.02 0 9.68239 0.00375703 0 -3.19236
 0.02 0 9.69239 0.00305835 0 -3.1954
 0.02 0 9.70239 0.00219599 0 -3.19817
 0.02 0 9.71239 0.0017247 0 -3.20026
 0.02 0 9.72239 0.00120407 0 -3.20216
 0.02 0 9.73239 0.00121226 0 -3.20346
 0.02 0 9.74239 0.000423669 0 -3.20359
 0.02 0 9.75239 -0.000673839 0 -3.20331
 0.02 0 9.76239 -0.00137242 0 -3.20246
 0.02 0 9.77239 -0.00161472 0 -3.20103
 0.02 0 9.78239 -0.00248523 0 -3.19923
 0.02 0 9.79239 -0.00348521 0 -3.19623
 0.02 0 9.80239 -0.00374178 0 -3.19261
 0.02 0 9.81239 -0.004374 0 -3.18834
 0.02 0 9.82239 -0.00514456 0 -3.1837
 0.02 0 9.83239 -0.00568362 0 -3.17869
 0.02 0 9.84239 -0.00593819 0 -3.17261
 0.02 0 9.85239 -0.00649684 0 -3.16608
 0.02 0 9.86239 -0.00706494 0 -3.15937
 0.02 0 9.87239 -0.00736707 0 -3.15209
 0.02 0 9.88239 -0.00770343 0 -3.14462
 0.02 0 9.89239 -0.00784961 0 -3.13696
 0.02 0 9.90239 -0.00795322 0 -3.12887
 0.02 0 9.91239 -0.00815824 0 -3.12068
 0.02 0 9.92239 -0.00828475 0 -3.11247
 0.02 0 9.93239 -0.00819252 0 -3.10421
 0.02 0 9.94239 -0.0081338 0 -3.09596
 0.02 0 9.95239 -0.00813349 0 -3.08783
 0.02 0 9.96239 -0.00797255 0 -3.07985
 0.02 0 9.97239 -0.00777739 0 -3.07195
 0.02 0 9.98239 -0.00774462 0 -3.06416
 0.02 0 9.99239 -0.00780039 0 -3.05647
 0.02 0 10.0024 -0.00761916 0 -3.04893
 0.02 0 10.0124 -0.00741304 0 -3.04146
 0.02 0 10.0224 -0.00732504 0 -3.03396
 0.02 0 10.0324 -0.00723703 0 -3.02635
 0.02 0 10.0424 -0.00714903 0 -3.01861
 0.02 0 10.0524 -0.00768612 0 -3.01049
 0.02 0 10.0624 -0.00906889 0 -3.00189
 0.03 0 9.46239 0.00261001 0 -3.13419
 0.03 0 9.47239 0.0019297 0 -3.1352
 0.03 0 9.48239 0.00138348 0 -3.13613
 0.03 0 9.49239 0.00109322 0 -3.13685
 0.03 0 9.50239 0.00114998 0 -3.13742
 0.03 0 9.51239 0.00127825 0 -3.13799
 0.03 0 9.52239 0.0017118 0 -3.13897
 0.03 0 9.53239 0.00214891 0 -3.14015
 0.03 0 9.54239 0.00258513 0 -3.14153
 0.03 0 9.55239 0.00326278 0 -3.14371
 0.03 0 9.56239 0.00406744 0 -3.14601
 0.03 0 9.57239 0.00442541 0 -3.14881
 0.03 0 9.58239 0.00478213 0 -3.15192
 0.03 0 9.59239 0.00566383 0 -3.15564
 0.03 0 9.60239 0.00598198 0 -3.15974
 0.03 0 9.61239 0.00628463 0 -3.16382
 0.03 0 9.62239 0.00641388 0 -3.168
 0.03 0 9.63239 0.00637818 0 -3.17231
 0.03 0 9.64239 0.00646455 0 -3.17682
 0.03 0 9.65239 0.00621529 0 -3.18116
 0.03 0 9.66239 0.00582558 0 -3.18537
 0.03 0 9.67239 0.00548311 0 -3.18939
 0.03 0 9.68239 0.00513263 0 -3.19279
 0.03 0 9.69239 0.0043832 0 -3.1959
 0.03 0 9.70239 0.00349106 0 -3.19884
 0.03 0 9.71239 0.00301078 0 -3.20101
 0.03 0 9.72239 0.00250991 0 -3.20297
 0.03 0 9.73239 0.00118756 0 -3.2041
 0.03 0 9.74239 -9.83038e-05 0 -3.20431
 0.03 0 9.75239 -0.00106148 0 -3.20409
 0.03 0 9.76239 -0.00194503 0 -3.20349
 0.03 0 9.77239 -0.00210734 0 -3.2021
 0.03 0 9.78239 -0.00366574 0 -3.19978
 0.03 0 9.79239 -0.00519988 0 -3.1971
 0.03 0 9.80239 -0.00577994 0 -3.19365
 0.03 0 9.81239 -0.00643818 0 -3.18923
 0.03 0 9.82239 -0.00735763 0 -3.1844
 0.03 0 9.83239 -0.0083808 0 -3.17922
 0.03 0 9.84239 -0.00941124 0 -3.17314
 0.03 0 9.85239 -0.0100584 0 -3.16664
 0.03 0 9.86239 -0.0106088 0 -3.15992
 0.03 0 9.87239 -0.0109161 0 -3.15263
 0.03 0 9.88239 -0.0112842 0 -3.14514
 0.03 0 9.89239 -0.0119833 0 -3.13718
 0.03 0 9.90239 -0.0121289 0 -3.12891
 0.03 0 9.91239 -0.0123069 0 -3.12071
 0.03 0 9.92239 -0.0124454 0 -3.11251
 0.03 0 9.93239 -0.0123548 0 -3.10425
 0.03 0 9.94239 -0.0122773 0 -3.09595
 0.03 0 9.95239 -0.0121462 0 -3.08773
 0.03 0 9.96239 -0.0119165 0 -3.0797
 0.03 0 9.97239 -0.0116795 0 -3.07177
 0.03 0 9.98239 -0.0115824 0 -3.06393
 0.03 0 9.99239 -0.0114981 0 -3.05641
 0.03 0 10.0024 -0.011341 0 -3.04897
 0.03 0 10.0124 -0.0111404 0 -3.04159
 0.03 0 10.0224 -0.0109644 0 -3.0342
 0.03 0 10.0324 -0.0108324 0 -3.02667
 0.03 0 10.0424 -0.0111696 0 -3.01891
 0.03 0 10.0524 -0.0123012 0 -3.0108
 0.03 0 10.0624 -0.0136521 0 -3.00248
 0.04 0 9.46239 0.00286227 0 -3.13493
 0.04 0 9.47239 0.00216125 0 -3.13582
 0.04 0 9.48239 0.00154896 0 -3.13665
 0.04 0 9.49239 0.00115457 0 -3.13686
 0.04 0 9.50239 0.00114963 0 -3.13727
 0.04 0 9.51239 0.00148144 0 -3.13775
 0.04 0 9.52239 0.0022049 0 -3.13838
 0.04 0 9.53239 0.00255709 0 -3.13948
 0.04 0 9.54239 0.00359856 0 -3.14091
 0.04 0 9.55239 0.00440995 0 -3.14298
 0.04 0 9.56239 0.00528885 0 -3.14522
 0.04 0 9.57239 0.00590619 0 -3.14804
 0.04 0 9.58239 0.00679942 0 -3.15151
 0.04 0 9.59239 0.00772647 0 -3.15515
 0.04 0 9.60239 0.00803067 0 -3.15922
 0.04 0 9.61239 0.00836018 0 -3.16342
 0.04 0 9.62239 0.00862334 0 -3.16793
 0.04 0 9.63239 0.00868479 0 -3.17248
 0.04 0 9.64239 0.00875296 0 -3.177
 0.04 0 9.65239 0.00851782 0 -3.18137
 0.04 0 9.66239 0.00810021 0 -3.18561
 0.04 0 9.67239 0.00752612 0 -3.18979
 0.04 0 9.68239 0.00670821 0 -3.19345
 0.04 0 9.69239 0.00573854 0 -3.19676
 0.04 0 9.70239 0.0048869 0 -3.19981
 0.04 0 9.71239 0.00433181 0 -3.20216
 0.04 0 9.72239 0.00304118 0 -3.20367
 0.04 0 9.73239 0.00157158 0 -3.20497
 0.04 0 9.74239 0.00011004 0 -3.20525
 0.04 0 9.75239 -0.00129294 0 -3.2053
 0.04 0 9.76239 -0.00239544 0 -3.20497
 0.04 0 9.77239 -0.00328272 0 -3.20325
 0.04 0 9.78239 -0.00479584 0 -3.20068
 0.04 0 9.79239 -0.00622565 0 -3.19788
 0.04 0 9.80239 -0.00758394 0 -3.19483
 0.04 0 9.81239 -0.00924217 0 -3.19037
 0.04 0 9.82239 -0.0102658 0 -3.18536
 0.04 0 9.83239 -0.0112578 0 -3.18006
 0.04 0 9.84239 -0.0123062 0 -3.17392
 0.04 0 9.85239 -0.0133072 0 -3.16751
 0.04 0 9.86239 -0.0141579 0 -3.16081
 0.04 0 9.87239 -0.0147234 0 -3.15323
 0.04 0 9.88239 -0.0154318 0 -3.1454
 0.04 0 9.89239 -0.0161704 0 -3.13747
 0.04 0 9.90239 -0.0162954 0 -3.12921
 0.04 0 9.91239 -0.0164517 0 -3.12089
 0.04 0 9.92239 -0.0165992 0 -3.11256
 0.04 0 9.93239 -0.0165079 0 -3.10413
 0.04 0 9.94239 -0.0164101 0 -3.09577
 0.04 0 9.95239 -0.0162836 0 -3.08752
 0.04 0 9.96239 -0.0160615 0 -3.07942
 0.04 0 9.97239 -0.0158148 0 -3.07143
 0.04 0 9.98239 -0.015222 0 -3.06371
 0.04 0 9.99239 -0.0151504 0 -3.05627
 0.04 0 10.0024 -0.015003 0 -3.04897
 0.04 0 10.0124 -0.0148083 0 -3.04174
 0.04 0 10.0224 -0.0145883 0 -3.03453
 0.04 0 10.0324 -0.0147473 0 -3.02709
 0.04 0 10.0424 -0.0156277 0 -3.01948
 0.04 0 10.0524 -0.0167275 0 -3.01165
 0.04 0 10.0624 -0.0180466 0 -3.0036
 0.05 0 9.46239 0.00329839 0 -3.13622
 0.05 0 9.47239 0.00209699 0 -3.13683
 0.05 0 9.48239 0.00145217 0 -3.13708
 0.05 0 9.49239 0.00114829 0 -3.13686
 0.05 0 9.50239 0.00113606 0 -3.13697
 0.05 0 9.51239 0.00165694 0 -3.13741
 0.05 0 9.52239 0.0024122 0 -3.13763
 0.05 0 9.53239 0.00327639 0 -3.13858
 0.05 0 9.54239 0.00444512 0 -3.13992
 0.05 0 9.55239 0.00522721 0 -3.14187
 0.05 0 9.56239 0.00641134 0 -3.14418
 0.05 0 9.57239 0.00779823 0 -3.1473
 0.05 0 9.58239 0.00875919 0 -3.15082
 0.05 0 9.59239 0.00971721 0 -3.15439
 0.05 0 9.60239 0.0100201 0 -3.15842
 0.05 0 9.61239 0.0107762 0 -3.16301
 0.05 0 9.62239 0.011228 0 -3.16776
 0.05 0 9.63239 0.0110807 0 -3.17264
 0.05 0 9.64239 0.0110584 0 -3.17732
 0.05 0 9.65239 0.010839 0 -3.18172
 0.05 0 9.66239 0.0102411 0 -3.18615
 0.05 0 9.67239 0.0095569 0 -3.19043
 0.05 0 9.68239 0.00877074 0 -3.19428
 0.05 0 9.69239 0.00781434 0 -3.19775
 0.05 0 9.70239 0.00666967 0 -3.20101
 0.05 0 9.71239 0.00495445 0 -3.20322
 0.05 0 9.72239 0.00353608 0 -3.20491
 0.05 0 9.73239 0.00202404 0 -3.20644
 0.05 0 9.74239 0.000538179 0 -3.20678
 0.05 0 9.75239 -0.000913028 0 -3.20682
 0.05 0 9.76239 -0.00233878 0 -3.2066
 0.05 0 9.77239 -0.00492992 0 -3.20484
 0.05 0 9.78239 -0.00649589 0 -3.20221
 0.05 0 9.79239 -0.00793684 0 -3.19933
 0.05 0 9.80239 -0.00938931 0 -3.19606
 0.05 0 9.81239 -0.0114922 0 -3.19166
 0.05 0 9.82239 -0.0132063 0 -3.18688
 0.05 0 9.83239 -0.0141751 0 -3.18143
 0.05 0 9.84239 -0.0152396 0 -3.17528
 0.05 0 9.85239 -0.0165129 0 -3.16865
 0.05 0 9.86239 -0.018016 0 -3.16154
 0.05 0 9.87239 -0.0188253 0 -3.15372
 0.05 0 9.88239 -0.0195649 0 -3.14585
 0.05 0 9.89239 -0.0203047 0 -3.13794
 0.05 0 9.90239 -0.0204498 0 -3.1297
 0.05 0 9.91239 -0.0207032 0 -3.12126
 0.05 0 9.92239 -0.0211555 0 -3.11257
 0.05 0 9.93239 -0.0207838 0 -3.10395
 0.05 0 9.94239 -0.0205797 0 -3.09547
 0.05 0 9.95239 -0.0204535 0 -3.08719
 0.05 0 9.96239 -0.020239 0 -3.07902
 0.05 0 9.97239 -0.019624 0 -3.07108
 0.05 0 9.98239 -0.0189369 0 -3.06336
 0.05 0 9.99239 -0.0188228 0 -3.05584
 0.05 0 10.0024 -0.0187606 0 -3.04847
 0.05 0 10.0124 -0.0186225 0 -3.04126
 0.05 0 10.0224 -0.0180839 0 -3.03438
 0.05 0 10.0324 -0.0185302 0 -3.02754
 0.05 0 10.0424 -0.0198015 0 -3.02049
 0.05 0 10.0524 -0.0209651 0 -3.01303
 0.05 0 10.0624 -0.0222523 0 -3.00525
 0.06 0 9.46239 0.00374723 0 -3.13828
 0.06 0 9.47239 0.00200547 0 -3.13834
 0.06 0 9.48239 0.00084134 0 -3.13754
 0.06 0 9.49239 0.000621477 0 -3.13694
 0.06 0 9.50239 0.00124651 0 -3.13637
 0.06 0 9.51239 0.00169602 0 -3.1366
 0.06 0 9.52239 0.00219746 0 -3.13674
 0.06 0 9.53239 0.00380768 0 -3.13739
 0.06 0 9.54239 0.00517485 0 -3.13856
 0.06 0 9.55239 0.00628118 0 -3.14054
 0.06 0 9.56239 0.00799877 0 -3.14306
 0.06 0 9.57239 0.00951096 0 -3.14604
 0.06 0 9.58239 0.0104845 0 -3.14956
 0.06 0 9.59239 0.0117174 0 -3.15338
 0.06 0 9.60239 0.0125673 0 -3.15803
 0.06 0 9.61239 0.0133643 0 -3.16269
 0.06 0 9.62239 0.0138309 0 -3.16744
 0.06 0 9.63239 0.0136751 0 -3.1723
 0.06 0 9.64239 0.0135402 0 -3.17722
 0.06 0 9.65239 0.0130965 0 -3.18248
 0.06 0 9.66239 0.0123693 0 -3.1871
 0.06 0 9.67239 0.0116632 0 -3.19144
 0.06 0 9.68239 0.0108938 0 -3.19543
 0.06 0 9.69239 0.00997629 0 -3.19907
 0.06 0 9.70239 0.00798964 0 -3.20217
 0.06 0 9.71239 0.00601784 0 -3.20478
 0.06 0 9.72239 0.00462436 0 -3.2066
 0.06 0 9.73239 0.00285766 0 -3.20833
 0.06 0 9.74239 0.000394209 0 -3.20899
 0.06 0 9.75239 -0.00101222 0 -3.20888
 0.06 0 9.76239 -0.00308 0 -3.20807
 0.06 0 9.77239 -0.00586623 0 -3.20652
 0.06 0 9.78239 -0.00826115 0 -3.20431
 0.06 0 9.79239 -0.0097808 0 -3.2014
 0.06 0 9.80239 -0.0113471 0 -3.19789
 0.06 0 9.81239 -0.0134863 0 -3.19335
 0.06 0 9.82239 -0.0154032 0 -3.18852
 0.06 0 9.83239 -0.0172721 0 -3.18322
 0.06 0 9.84239 -0.0188852 0 -3.17659
 0.06 0 9.85239 -0.0204355 0 -3.1697
 0.06 0 9.86239 -0.0219406 0 -3.16255
 0.06 0 9.87239 -0.0227468 0 -3.15477
 0.06 0 9.88239 -0.0235749 0 -3.14676
 0.06 0 9.89239 -0.0244199 0 -3.13861
 0.06 0 9.90239 -0.0248081 0 -3.13005
 0.06 0 9.91239 -0.0252429 0 -3.12125
 0.06 0 9.92239 -0.0256303 0 -3.11255
 0.06 0 9.93239 -0.0252581 0 -3.10399
 0.06 0 9.94239 -0.0249283 0 -3.0954
 0.06 0 9.95239 -0.0246628 0 -3.08675
 0.06 0 9.96239 -0.0240308 0 -3.07856
 0.06 0 9.97239 -0.0233807 0 -3.0706
 0.06 0 9.98239 -0.0226768 0 -3.06284
 0.06 0 9.99239 -0.0224731 0 -3.05526
 0.06 0 10.0024 -0.0224961 0 -3.04782
 0.06 0 10.0124 -0.0220579 0 -3.04086
 0.06 0 10.0224 -0.0211214 0 -3.03432
 0.06 0 10.0324 -0.0213383 0 -3.02759
 0.06 0 10.0424 -0.0226485 0 -3.02061
 0.06 0 10.0524 -0.0241206 0 -3.01357
 0.06 0 10.0624 -0.0257544 0 -3.00645
 0.07 0 9.46239 0.00328461 0 -3.13981
 0.07 0 9.47239 0.00100351 0 -3.13904
 0.07 0 9.48239 -0.000468481 0 -3.13807
 0.07 0 9.49239 -0.000613821 0 -3.13713
 0.07 0 9.50239 0.000522507 0 -3.13611
 0.07 0 9.51239 0.00162768 0 -3.13524
 0.07 0 9.52239 0.002091 0 -3.13552
 0.07 0 9.53239 0.00377587 0 -3.13616
 0.07 0 9.54239 0.00570664 0 -3.13705
 0.07 0 9.55239 0.00767262 0 -3.13907
 0.07 0 9.56239 0.00951942 0 -3.14153
 0.07 0 9.57239 0.011168 0 -3.14435
 0.07 0 9.58239 0.0124009 0 -3.14808
 0.07 0 9.59239 0.0143724 0 -3.15244
 0.07 0 9.60239 0.0152658 0 -3.15724
 0.07 0 9.61239 0.0158994 0 -3.16228
 0.07 0 9.62239 0.0163805 0 -3.16703
 0.07 0 9.63239 0.0163687 0 -3.17215
 0.07 0 9.64239 0.0165538 0 -3.17758
 0.07 0 9.65239 0.0161134 0 -3.18286
 0.07 0 9.66239 0.0149699 0 -3.18788
 0.07 0 9.67239 0.0138618 0 -3.19277
 0.07 0 9.68239 0.0130775 0 -3.19692
 0.07 0 9.69239 0.0113673 0 -3.20053
 0.07 0 9.70239 0.00938313 0 -3.2038
 0.07 0 9.71239 0.00721106 0 -3.20675
 0.07 0 9.72239 0.00584359 0 -3.20874
 0.07 0 9.73239 0.00352764 0 -3.21034
 0.07 0 9.74239 0.000421621 0 -3.21135
 0.07 0 9.75239 -0.00114059 0 -3.2112
 0.07 0 9.76239 -0.0038058 0 -3.21012
 0.07 0 9.77239 -0.00664582 0 -3.20883
 0.07 0 9.78239 -0.00908105 0 -3.20651
 0.07 0 9.79239 -0.0113949 0 -3.2039
 0.07 0 9.80239 -0.0134645 0 -3.20032
 0.07 0 9.81239 -0.0159973 0 -3.19549
 0.07 0 9.82239 -0.0182643 0 -3.19034
 0.07 0 9.83239 -0.020361 0 -3.18471
 0.07 0 9.84239 -0.0225938 0 -3.17809
 0.07 0 9.85239 -0.0243384 0 -3.17116
 0.07 0 9.86239 -0.0258455 0 -3.16397
 0.07 0 9.87239 -0.0266488 0 -3.15623
 0.07 0 9.88239 -0.0274703 0 -3.14825
 0.07 0 9.89239 -0.028989 0 -3.13929
 0.07 0 9.90239 -0.0295652 0 -3.13015
 0.07 0 9.91239 -0.0296713 0 -3.12116
 0.07 0 9.92239 -0.0299491 0 -3.11245
 0.07 0 9.93239 -0.0296065 0 -3.10395
 0.07 0 9.94239 -0.0293698 0 -3.09524
 0.07 0 9.95239 -0.0291098 0 -3.08638
 0.07 0 9.96239 -0.0281839 0 -3.07803
 0.07 0 9.97239 -0.0272129 0 -3.06995
 0.07 0 9.98239 -0.0264311 0 -3.06214
 0.07 0 9.99239 -0.0261014 0 -3.05451
 0.07 0 10.0024 -0.0257683 0 -3.04751
 0.07 0 10.0124 -0.0250168 0 -3.04094
 0.07 0 10.0224 -0.0241634 0 -3.03444
 0.07 0 10.0324 -0.0241579 0 -3.02781
 0.07 0 10.0424 -0.025507 0 -3.02091
 0.07 0 10.0524 -0.027018 0 -3.01393
 0.07 0 10.0624 -0.0286908 0 -3.00688
 0.08 0 9.46239 0.0021361 0 -3.14046
 0.08 0 9.47239 -5.19808e-05 0 -3.13965
 0.08 0 9.48239 -0.00184637 0 -3.13862
 0.08 0 9.49239 -0.00155418 0 -3.13734
 0.08 0 9.50239 -0.000449701 0 -3.13604
 0.08 0 9.51239 0.00072651 0 -3.13459
 0.08 0 9.52239 0.00204516 0 -3.13386
 0.08 0 9.53239 0.0042167 0 -3.13411
 0.08 0 9.54239 0.0064236 0 -3.13499
 0.08 0 9.55239 0.00844359 0 -3.13686
 0.08 0 9.56239 0.0105611 0 -3.13927
 0.08 0 9.57239 0.0131752 0 -3.14255
 0.08 0 9.58239 0.0149377 0 -3.14692
 0.08 0 9.59239 0.0168144 0 -3.15115
 0.08 0 9.60239 0.0178583 0 -3.15592
 0.08 0 9.61239 0.0186989 0 -3.1611
 0.08 0 9.62239 0.0193235 0 -3.16704
 0.08 0 9.63239 0.019357 0 -3.17269
 0.08 0 9.64239 0.0195587 0 -3.17812
 0.08 0 9.65239 0.0191218 0 -3.18341
 0.08 0 9.66239 0.0179078 0 -3.18845
 0.08 0 9.67239 0.016722 0 -3.1934
 0.08 0 9.68239 0.0152833 0 -3.19842
 0.08 0 9.69239 0.0130021 0 -3.20236
 0.08 0 9.70239 0.0108501 0 -3.20588
 0.08 0 9.71239 0.00870459 0 -3.20901
 0.08 0 9.72239 0.00707243 0 -3.21138
 0.08 0 9.73239 0.00427901 0 -3.21265
 0.08 0 9.74239 0.00135995 0 -3.21347
 0.08 0 9.75239 -0.00169665 0 -3.21363
 0.08 0 9.76239 -0.00445518 0 -3.21276
 0.08 0 9.77239 -0.00736891 0 -3.21184
 0.08 0 9.78239 -0.0101314 0 -3.20931
 0.08 0 9.79239 -0.0127663 0 -3.2064
 0.08 0 9.80239 -0.0160765 0 -3.20267
 0.08 0 9.81239 -0.0191718 0 -3.19798
 0.08 0 9.82239 -0.0214006 0 -3.19267
 0.08 0 9.83239 -0.0235255 0 -3.18681
 0.08 0 9.84239 -0.025803 0 -3.18013
 0.08 0 9.85239 -0.0279158 0 -3.1731
 0.08 0 9.86239 -0.0297306 0 -3.16579
 0.08 0 9.87239 -0.0308961 0 -3.15762
 0.08 0 9.88239 -0.032385 0 -3.14881
 0.08 0 9.89239 -0.0338571 0 -3.13988
 0.08 0 9.90239 -0.0346292 0 -3.13065
 0.08 0 9.91239 -0.0347153 0 -3.12145
 0.08 0 9.92239 -0.0345869 0 -3.11241
 0.08 0 9.93239 -0.0342013 0 -3.10342
 0.08 0 9.94239 -0.0339379 0 -3.09458
 0.08 0 9.95239 -0.033607 0 -3.08564
 0.08 0 9.96239 -0.0326467 0 -3.07725
 0.08 0 9.97239 -0.0316413 0 -3.06912
 0.08 0 9.98239 -0.0305908 0 -3.06125
 0.08 0 9.99239 -0.0292072 0 -3.05409
 0.08 0 10.0024 -0.0286486 0 -3.04774
 0.08 0 10.0124 -0.0279803 0 -3.0412
 0.08 0 10.0224 -0.02721 0 -3.03473
 0.08 0 10.0324 -0.0269891 0 -3.0282
 0.08 0 10.0424 -0.0283772 0 -3.02136
 0.08 0 10.0524 -0.0299063 0 -3.01451
 0.08 0 10.0624 -0.0308657 0 -3.0089
 0.09 0 9.46239 0.000493617 0 -3.1441
 0.09 0 9.47239 -0.00140391 0 -3.1416
 0.09 0 9.48239 -0.00329232 0 -3.13919
 0.09 0 9.49239 -0.0025951 0 -3.13739
 0.09 0 9.50239 -0.00175412 0 -3.13504
 0.09 0 9.51239 -0.000894326 0 -3.13289
 0.09 0 9.52239 0.00131602 0 -3.13143
 0.09 0 9.53239 0.00483336 0 -3.13128
 0.09 0 9.54239 0.00718233 0 -3.13225
 0.09 0 9.55239 0.00927031 0 -3.13399
 0.09 0 9.56239 0.0120382 0 -3.13678
 0.09 0 9.57239 0.0158401 0 -3.14038
 0.09 0 9.58239 0.0175345 0 -3.14495
 0.09 0 9.59239 0.0191431 0 -3.14938
 0.09 0 9.60239 0.0210791 0 -3.15464
 0.09 0 9.61239 0.0224758 0 -3.16038
 0.09 0 9.62239 0.0229067 0 -3.16648
 0.09 0 9.63239 0.0226266 0 -3.1728
 0.09 0 9.64239 0.0225519 0 -3.17884
 0.09 0 9.65239 0.0221218 0 -3.18414
 0.09 0 9.66239 0.0208149 0 -3.18948
 0.09 0 9.67239 0.01948 0 -3.19501
 0.09 0 9.68239 0.0180588 0 -3.20013
 0.09 0 9.69239 0.0157169 0 -3.20426
 0.09 0 9.70239 0.0132574 0 -3.20807
 0.09 0 9.71239 0.0106802 0 -3.21155
 0.09 0 9.72239 0.00760885 0 -3.21423
 0.09 0 9.73239 0.00462024 0 -3.21538
 0.09 0 9.74239 0.0014727 0 -3.21624
 0.09 0 9.75239 -0.00176482 0 -3.21673
 0.09 0 9.76239 -0.00431143 0 -3.21617
 0.09 0 9.77239 -0.00835174 0 -3.21485
 0.09 0 9.78239 -0.0121138 0 -3.21253
 0.09 0 9.79239 -0.0145143 0 -3.20943
 0.09 0 9.80239 -0.0180614 0 -3.20533
 0.09 0 9.81239 -0.0217429 0 -3.20074
 0.09 0 9.82239 -0.0245974 0 -3.19559
 0.09 0 9.83239 -0.0267654 0 -3.18953
 0.09 0 9.84239 -0.0290876 0 -3.18278
 0.09 0 9.85239 -0.0315437 0 -3.17545
 0.09 0 9.86239 -0.0341747 0 -3.16752
 0.09 0 9.87239 -0.035861 0 -3.15838
 0.09 0 9.88239 -0.0373139 0 -3.14954
 0.09 0 9.89239 -0.0387394 0 -3.14063
 0.09 0 9.90239 -0.0396899 0 -3.1314
 0.09 0 9.91239 -0.0397956 0 -3.12198
 0.09 0 9.92239 -0.0395832 0 -3.11243
 0.09 0 9.93239 -0.0390418 0 -3.10279
 0.09 0 9.94239 -0.038555 0 -3.09357
 0.09 0 9.95239 -0.0381544 0 -3.08454
 0.09 0 9.96239 -0.0371597 0 -3.07611
 0.09 0 9.97239 -0.0361198 0 -3.06793
 0.09 0 9.98239 -0.0340729 0 -3.06008
 0.09 0 9.99239 -0.0320812 0 -3.05273
 0.09 0 10.0024 -0.0314553 0 -3.04659
 0.09 0 10.0124 -0.0308554 0 -3.04079
 0.09 0 10.0224 -0.030261 0 -3.0352
 0.09 0 10.0324 -0.0298319 0 -3.02875
 0.09 0 10.0424 -0.031055 0 -3.02285
 0.09 0 10.0524 -0.0320263 0 -3.01752
 0.09 0 10.0624 -0.0328703 0 -3.01187
 0.1 0 9.46239 -0.00108189 0 -3.14897
 0.1 0 9.47239 -0.00400069 0 -3.14526
 0.1 0 9.48239 -0.00772623 0 -3.13949
 0.1 0 9.49239 -0.00382945 0 -3.13407
 0.1 0 9.50239 -0.00322569 0 -3.13197
 0.1 0 9.51239 -0.00260311 0 -3.13008
 0.1 0 9.52239 -9.98835e-05 0 -3.12873
 0.1 0 9.53239 0.00383446 0 -3.12839
 0.1 0 9.54239 0.00766345 0 -3.12892
 0.1 0 9.55239 0.0108128 0 -3.13123
 0.1 0 9.56239 0.0142757 0 -3.1345
 0.1 0 9.57239 0.0180412 0 -3.13784
 0.1 0 9.58239 0.0201462 0 -3.14219
 0.1 0 9.59239 0.0222757 0 -3.14749
 0.1 0 9.60239 0.0247408 0 -3.1535
 0.1 0 9.61239 0.0261485 0 -3.15957
 0.1 0 9.62239 0.0264236 0 -3.16573
 0.1 0 9.63239 0.0262366 0 -3.17201
 0.1 0 9.64239 0.0259999 0 -3.17856
 0.1 0 9.65239 0.0251011 0 -3.18572
 0.1 0 9.66239 0.023695 0 -3.1916
 0.1 0 9.67239 0.0222847 0 -3.19714
 0.1 0 9.68239 0.0208703 0 -3.20232
 0.1 0 9.69239 0.0184766 0 -3.20664
 0.1 0 9.70239 0.0159565 0 -3.21062
 0.1 0 9.71239 0.0127454 0 -3.21422
 0.1 0 9.72239 0.00891764 0 -3.21716
 0.1 0 9.73239 0.00535132 0 -3.21873
 0.1 0 9.74239 0.00158494 0 -3.21985
 0.1 0 9.75239 -0.00175712 0 -3.22048
 0.1 0 9.76239 -0.00473645 0 -3.2199
 0.1 0 9.77239 -0.00922571 0 -3.21797
 0.1 0 9.78239 -0.0136905 0 -3.21615
 0.1 0 9.79239 -0.0163171 0 -3.21317
 0.1 0 9.80239 -0.0201668 0 -3.20867
 0.1 0 9.81239 -0.0237904 0 -3.20386
 0.1 0 9.82239 -0.0271324 0 -3.19875
 0.1 0 9.83239 -0.0304619 0 -3.19254
 0.1 0 9.84239 -0.0334084 0 -3.18522
 0.1 0 9.85239 -0.036254 0 -3.17753
 0.1 0 9.86239 -0.0389882 0 -3.16945
 0.1 0 9.87239 -0.0407174 0 -3.16021
 0.1 0 9.88239 -0.0422548 0 -3.15082
 0.1 0 9.89239 -0.0436358 0 -3.14155
 0.1 0 9.90239 -0.0447473 0 -3.13237
 0.1 0 9.91239 -0.0448541 0 -3.12254
 0.1 0 9.92239 -0.0446653 0 -3.11251
 0.1 0 9.93239 -0.0441691 0 -3.10247
 0.1 0 9.94239 -0.0433654 0 -3.09241
 0.1 0 9.95239 -0.042752 0 -3.08309
 0.1 0 9.96239 -0.0415663 0 -3.07461
 0.1 0 9.97239 -0.0396624 0 -3.06645
 0.1 0 9.98239 -0.0374717 0 -3.05858
 0.1 0 9.99239 -0.0351643 0 -3.05107
 0.1 0 10.0024 -0.0344219 0 -3.04472
 0.1 0 10.0124 -0.0337055 0 -3.0387
 0.1 0 10.0224 -0.0330151 0 -3.03302
 0.1 0 10.0324 -0.031018 0 -3.02944
 0.1 0 10.0424 -0.033477 0 -3.02626
 0.1 0 10.0524 -0.034333 0 -3.02089
 0.1 0 10.0624 -0.0350616 0 -3.01521
 0.11 0 9.46239 -0.00517113 0 -3.15122
 0.11 0 9.47239 -0.0096133 0 -3.14563
 0.11 0 9.48239 -0.0126259 0 -3.13961
 0.11 0 9.49239 -0.0082777 0 -3.13387
 0.11 0 9.50239 -0.00463572 0 -3.12842
 0.11 0 9.51239 -0.00425036 0 -3.12679
 0.11 0 9.52239 -0.00136766 0 -3.12548
 0.11 0 9.53239 0.0027705 0 -3.125
 0.11 0 9.54239 0.00801871 0 -3.12531
 0.11 0 9.55239 0.0124843 0 -3.12768
 0.11 0 9.56239 0.0162056 0 -3.13135
 0.11 0 9.57239 0.0201 0 -3.13483
 0.11 0 9.58239 0.0228761 0 -3.13897
 0.11 0 9.59239 0.0257999 0 -3.14558
 0.11 0 9.60239 0.0280967 0 -3.15214
 0.11 0 9.61239 0.0297169 0 -3.15867
 0.11 0 9.62239 0.0298741 0 -3.16478
 0.11 0 9.63239 0.0302473 0 -3.17189
 0.11 0 9.64239 0.0306873 0 -3.17928
 0.11 0 9.65239 0.0296242 0 -3.18664
 0.11 0 9.66239 0.0271121 0 -3.19363
 0.11 0 9.67239 0.025136 0 -3.19977
 0.11 0 9.68239 0.0236462 0 -3.20496
 0.11 0 9.69239 0.0212812 0 -3.20949
 0.11 0 9.70239 0.0180995 0 -3.21368
 0.11 0 9.71239 0.0143266 0 -3.21744
 0.11 0 9.72239 0.0103095 0 -3.22072
 0.11 0 9.73239 0.00684415 0 -3.22254
 0.11 0 9.74239 0.00306068 0 -3.22392
 0.11 0 9.75239 -0.00104688 0 -3.22489
 0.11 0 9.76239 -0.00605702 0 -3.22354
 0.11 0 9.77239 -0.0101682 0 -3.22154
 0.11 0 9.78239 -0.0142615 0 -3.21966
 0.11 0 9.79239 -0.0187649 0 -3.21746
 0.11 0 9.80239 -0.023009 0 -3.21268
 0.11 0 9.81239 -0.026919 0 -3.20754
 0.11 0 9.82239 -0.0304947 0 -3.20206
 0.11 0 9.83239 -0.0342979 0 -3.19545
 0.11 0 9.84239 -0.0380719 0 -3.18793
 0.11 0 9.85239 -0.0410312 0 -3.18009
 0.11 0 9.86239 -0.0438414 0 -3.17183
 0.11 0 9.87239 -0.0456369 0 -3.16253
 0.11 0 9.88239 -0.0472408 0 -3.15307
 0.11 0 9.89239 -0.0486529 0 -3.14345
 0.11 0 9.90239 -0.0499327 0 -3.13347
 0.11 0 9.91239 -0.0501461 0 -3.12303
 0.11 0 9.92239 -0.0500524 0 -3.11259
 0.11 0 9.93239 -0.0496517 0 -3.10212
 0.11 0 9.94239 -0.048944 0 -3.09165
 0.11 0 9.95239 -0.0470712 0 -3.08117
 0.11 0 9.96239 -0.0454209 0 -3.07282
 0.11 0 9.97239 -0.0433959 0 -3.06463
 0.11 0 9.98239 -0.0410842 0 -3.05673
 0.11 0 9.99239 -0.0384858 0 -3.04912
 0.11 0 10.0024 -0.0375976 0 -3.04254
 0.11 0 10.0124 -0.03649 0 -3.03654
 0.11 0 10.0224 -0.033532 0 -3.03246
 0.11 0 10.0324 -0.0308061 0 -3.02898
 0.11 0 10.0424 -0.0335576 0 -3.02655
 0.11 0 10.0524 -0.0363382 0 -3.02397
 0.11 0 10.0624 -0.0374394 0 -3.01892
 0.12 0 9.46239 -0.0105616 0 -3.15193
 0.12 0 9.47239 -0.0153722 0 -3.14603
 0.12 0 9.48239 -0.0175615 0 -3.13985
 0.12 0 9.49239 -0.0131222 0 -3.13416
 0.12 0 9.50239 -0.00920239 0 -3.12853
 0.12 0 9.51239 -0.00583607 0 -3.12302
 0.12 0 9.52239 -0.00218967 0 -3.12143
 0.12 0 9.53239 0.00322602 0 -3.12042
 0.12 0 9.54239 0.00906525 0 -3.12053
 0.12 0 9.55239 0.0140062 0 -3.12247
 0.12 0 9.56239 0.0175649 0 -3.12583
 0.12 0 9.57239 0.0214794 0 -3.12944
 0.12 0 9.58239 0.0277308 0 -3.13597
 0.12 0 9.59239 0.0305505 0 -3.14314
 0.12 0 9.60239 0.0327448 0 -3.15026
 0.12 0 9.61239 0.0341777 0 -3.1575
 0.12 0 9.62239 0.0342143 0 -3.16571
 0.12 0 9.63239 0.0348262 0 -3.17288
 0.12 0 9.64239 0.0354853 0 -3.18029
 0.12 0 9.65239 0.0342321 0 -3.18763
 0.12 0 9.66239 0.0316238 0 -3.19462
 0.12 0 9.67239 0.0290606 0 -3.20141
 0.12 0 9.68239 0.0265425 0 -3.20799
 0.12 0 9.69239 0.0235166 0 -3.21296
 0.12 0 9.70239 0.0198886 0 -3.21739
 0.12 0 9.71239 0.0160164 0 -3.22133
 0.12 0 9.72239 0.0119 0 -3.22479
 0.12 0 9.73239 0.00838647 0 -3.22699
 0.12 0 9.74239 0.00470993 0 -3.22862
 0.12 0 9.75239 -0.00128089 0 -3.22892
 0.12 0 9.76239 -0.00746801 0 -3.22844
 0.12 0 9.77239 -0.0111356 0 -3.22646
 0.12 0 9.78239 -0.0147854 0 -3.22459
 0.12 0 9.79239 -0.0206053 0 -3.22153
 0.12 0 9.80239 -0.0267576 0 -3.21735
 0.12 0 9.81239 -0.0304977 0 -3.21189
 0.12 0 9.82239 -0.0339035 0 -3.20609
 0.12 0 9.83239 -0.0379007 0 -3.19914
 0.12 0 9.84239 -0.0419367 0 -3.19144
 0.12 0 9.85239 -0.0458406 0 -3.18314
 0.12 0 9.86239 -0.0487577 0 -3.17469
 0.12 0 9.87239 -0.0506197 0 -3.16533
 0.12 0 9.88239 -0.0524745 0 -3.15532
 0.12 0 9.89239 -0.0542603 0 -3.14486
 0.12 0 9.90239 -0.0559339 0 -3.13413
 0.12 0 9.91239 -0.0567827 0 -3.12299
 0.12 0 9.92239 -0.0567443 0 -3.11214
 0.12 0 9.93239 -0.0563988 0 -3.10128
 0.12 0 9.94239 -0.0557464 0 -3.09041
 0.12 0 9.95239 -0.0525787 0 -3.07938
 0.12 0 9.96239 -0.0493242 0 -3.07023
 0.12 0 9.97239 -0.0472265 0 -3.06227
 0.12 0 9.98239 -0.0448814 0 -3.05451
 0.12 0 9.99239 -0.042191 0 -3.04691
 0.12 0 10.0024 -0.0402125 0 -3.0407
 0.12 0 10.0124 -0.0371766 0 -3.03594
 0.12 0 10.0224 -0.0338655 0 -3.03169
 0.12 0 10.0324 -0.0306828 0 -3.02804
 0.12 0 10.0424 -0.0332371 0 -3.02574
 0.12 0 10.0524 -0.0358205 0 -3.02329
 0.12 0 10.0624 -0.0384332 0 -3.02069
 0.13 0 9.46239 -0.0165374 0 -3.15426
 0.13 0 9.47239 -0.0212775 0 -3.14647
 0.13 0 9.48239 -0.022533 0 -3.14021
 0.13 0 9.49239 -0.0180026 0 -3.13456
 0.13 0 9.50239 -0.014051 0 -3.12769
 0.13 0 9.51239 -0.0106556 0 -3.11924
 0.13 0 9.52239 -0.00339787 0 -3.11572
 0.13 0 9.53239 0.00374129 0 -3.1146
 0.13 0 9.54239 0.0101285 0 -3.11454
 0.13 0 9.55239 0.015686 0 -3.11608
 0.13 0 9.56239 0.019082 0 -3.11912
 0.13 0 9.57239 0.0256409 0 -3.12548
 0.13 0 9.58239 0.0329341 0 -3.13243
 0.13 0 9.59239 0.0362842 0 -3.14006
 0.13 0 9.60239 0.0383935 0 -3.14777
 0.13 0 9.61239 0.0393426 0 -3.15606
 0.13 0 9.62239 0.0392798 0 -3.16536
 0.13 0 9.63239 0.0394405 0 -3.17403
 0.13 0 9.64239 0.0403187 0 -3.18147
 0.13 0 9.65239 0.0388286 0 -3.18879
 0.13 0 9.66239 0.0361242 0 -3.19578
 0.13 0 9.67239 0.0334688 0 -3.20282
 0.13 0 9.68239 0.0308763 0 -3.21054
 0.13 0 9.69239 0.0267931 0 -3.21661
 0.13 0 9.70239 0.021973 0 -3.22169
 0.13 0 9.71239 0.0178148 0 -3.22589
 0.13 0 9.72239 0.013599 0 -3.22953
 0.13 0 9.73239 0.0099783 0 -3.23209
 0.13 0 9.74239 0.00487032 0 -3.23307
 0.13 0 9.75239 -0.00146819 0 -3.23338
 0.13 0 9.76239 -0.00814277 0 -3.23359
 0.13 0 9.77239 -0.0121184 0 -3.23207
 0.13 0 9.78239 -0.015548 0 -3.23009
 0.13 0 9.79239 -0.0224669 0 -3.22597
 0.13 0 9.80239 -0.0290163 0 -3.22185
 0.13 0 9.81239 -0.0340754 0 -3.21697
 0.13 0 9.82239 -0.0373114 0 -3.21084
 0.13 0 9.83239 -0.0415909 0 -3.20362
 0.13 0 9.84239 -0.0457509 0 -3.19579
 0.13 0 9.85239 -0.0497788 0 -3.18735
 0.13 0 9.86239 -0.0542095 0 -3.17757
 0.13 0 9.87239 -0.0564531 0 -3.16679
 0.13 0 9.88239 -0.0585682 0 -3.15639
 0.13 0 9.89239 -0.0604531 0 -3.14597
 0.13 0 9.90239 -0.0622841 0 -3.13483
 0.13 0 9.91239 -0.0637243 0 -3.12268
 0.13 0 9.92239 -0.0637412 0 -3.11144
 0.13 0 9.93239 -0.063451 0 -3.10018
 0.13 0 9.94239 -0.0628191 0 -3.0889
 0.13 0 9.95239 -0.058639 0 -3.07731
 0.13 0 9.96239 -0.0538811 0 -3.06704
 0.13 0 9.97239 -0.0515145 0 -3.0592
 0.13 0 9.98239 -0.0489006 0 -3.05157
 0.13 0 9.99239 -0.0452253 0 -3.0438
 0.13 0 10.0024 -0.0415923 0 -3.03892
 0.13 0 10.0124 -0.0379576 0 -3.03487
 0.13 0 10.0224 -0.0342935 0 -3.03046
 0.13 0 10.0324 -0.0306482 0 -3.02663
 0.13 0 10.0424 -0.0330052 0 -3.02445
 0.13 0 10.0524 -0.0346934 0 -3.02333
 0.13 0 10.0624 -0.0347114 0 -3.02479
 0.14 0 9.46239 -0.0243129 0 -3.1637
 0.14 0 9.47239 -0.0282866 0 -3.15035
 0.14 0 9.48239 -0.0276445 0 -3.13848
 0.14 0 9.49239 -0.0231961 0 -3.12838
 0.14 0 9.50239 -0.0191621 0 -3.1194
 0.14 0 9.51239 -0.0155426 0 -3.11153
 0.14 0 9.52239 -0.00739164 0 -3.10798
 0.14 0 9.53239 0.00182178 0 -3.10677
 0.14 0 9.54239 0.0110376 0 -3.10723
 0.14 0 9.55239 0.0175236 0 -3.1085
 0.14 0 9.56239 0.0234545 0 -3.11467
 0.14 0 9.57239 0.0303557 0 -3.12186
 0.14 0 9.58239 0.0373458 0 -3.12893
 0.14 0 9.59239 0.0420829 0 -3.1366
 0.14 0 9.60239 0.0441071 0 -3.1449
 0.14 0 9.61239 0.0447848 0 -3.15399
 0.14 0 9.62239 0.0449833 0 -3.16364
 0.14 0 9.63239 0.0448742 0 -3.17372
 0.14 0 9.64239 0.0451874 0 -3.18282
 0.14 0 9.65239 0.0434139 0 -3.19011
 0.14 0 9.66239 0.0406241 0 -3.19835
 0.14 0 9.67239 0.037885 0 -3.20656
 0.14 0 9.68239 0.0351923 0 -3.21417
 0.14 0 9.69239 0.0311282 0 -3.22049
 0.14 0 9.70239 0.0261964 0 -3.22587
 0.14 0 9.71239 0.021061 0 -3.23065
 0.14 0 9.72239 0.0157219 0 -3.23485
 0.14 0 9.73239 0.0104985 0 -3.23704
 0.14 0 9.74239 0.00470853 0 -3.23773
 0.14 0 9.75239 -0.00141755 0 -3.23833
 0.14 0 9.76239 -0.0078797 0 -3.23884
 0.14 0 9.77239 -0.0131164 0 -3.23838
 0.14 0 9.78239 -0.0179138 0 -3.23528
 0.14 0 9.79239 -0.0245446 0 -3.23087
 0.14 0 9.80239 -0.0308059 0 -3.22645
 0.14 0 9.81239 -0.0366977 0 -3.22202
 0.14 0 9.82239 -0.0409525 0 -3.21625
 0.14 0 9.83239 -0.0455104 0 -3.20881
 0.14 0 9.84239 -0.0508179 0 -3.20021
 0.14 0 9.85239 -0.0559041 0 -3.1909
 0.14 0 9.86239 -0.0607474 0 -3.18089
 0.14 0 9.87239 -0.0631938 0 -3.16912
 0.14 0 9.88239 -0.0650721 0 -3.15771
 0.14 0 9.89239 -0.0670897 0 -3.14722
 0.14 0 9.90239 -0.0690167 0 -3.13555
 0.14 0 9.91239 -0.0704823 0 -3.12296
 0.14 0 9.92239 -0.0710432 0 -3.11049
 0.14 0 9.93239 -0.0708083 0 -3.09884
 0.14 0 9.94239 -0.0692057 0 -3.08679
 0.14 0 9.95239 -0.0651872 0 -3.0749
 0.14 0 9.96239 -0.0601697 0 -3.06408
 0.14 0 9.97239 -0.0564691 0 -3.05556
 0.14 0 9.98239 -0.052745 0 -3.0474
 0.14 0 9.99239 -0.048044 0 -3.03905
 0.14 0 10.0024 -0.0439873 0 -3.03367
 0.14 0 10.0124 -0.0398114 0 -3.02983
 0.14 0 10.0224 -0.0352694 0 -3.02705
 0.14 0 10.0324 -0.0307021 0 -3.02475
 0.14 0 10.0424 -0.0308224 0 -3.02663
 0.14 0 10.0524 -0.0306396 0 -3.0287
 0.14 0 10.0624 -0.0304803 0 -3.0303
 0.15 0 9.46239 -0.0365117 0 -3.1709
 0.15 0 9.47239 -0.0459629 0 -3.15173
 0.15 0 9.48239 -0.038432 0 -3.13186
 0.15 0 9.49239 -0.0284659 0 -3.11737
 0.15 0 9.50239 -0.0242079 0 -3.10897
 0.15 0 9.51239 -0.0203643 0 -3.10167
 0.15 0 9.52239 -0.0112845 0 -3.09804
 0.15 0 9.53239 -0.00120959 0 -3.09651
 0.15 0 9.54239 0.00886768 0 -3.09666
 0.15 0 9.55239 0.0232745 0 -3.10122
 0.15 0 9.56239 0.0287361 0 -3.11061
 0.15 0 9.57239 0.0352006 0 -3.11819
 0.15 0 9.58239 0.0418876 0 -3.12539
 0.15 0 9.59239 0.0479465 0 -3.13277
 0.15 0 9.60239 0.0497369 0 -3.14174
 0.15 0 9.61239 0.0505043 0 -3.15131
 0.15 0 9.62239 0.0509641 0 -3.1613
 0.15 0 9.63239 0.0511162 0 -3.17173
 0.15 0 9.64239 0.0514958 0 -3.18346
 0.15 0 9.65239 0.0479996 0 -3.19424
 0.15 0 9.66239 0.0451137 0 -3.20293
 0.15 0 9.67239 0.0422743 0 -3.21103
 0.15 0 9.68239 0.0394813 0 -3.21855
 0.15 0 9.69239 0.0354388 0 -3.22507
 0.15 0 9.70239 0.0303954 0 -3.23074
 0.15 0 9.71239 0.0251483 0 -3.23582
 0.15 0 9.72239 0.018509 0 -3.24012
 0.15 0 9.73239 0.0112596 0 -3.2429
 0.15 0 9.74239 0.00552099 0 -3.24369
 0.15 0 9.75239 -0.000604738 0 -3.24435
 0.15 0 9.76239 -0.00711756 0 -3.24486
 0.15 0 9.77239 -0.0139645 0 -3.2453
 0.15 0 9.78239 -0.0205898 0 -3.24102
 0.15 0 9.79239 -0.0270921 0 -3.23649
 0.15 0 9.80239 -0.0332169 0 -3.23193
 0.15 0 9.81239 -0.0389644 0 -3.22733
 0.15 0 9.82239 -0.0453852 0 -3.22156
 0.15 0 9.83239 -0.0518787 0 -3.21347
 0.15 0 9.84239 -0.0572197 0 -3.20461
 0.15 0 9.85239 -0.0623394 0 -3.19505
 0.15 0 9.86239 -0.0672378 0 -3.18479
 0.15 0 9.87239 -0.0703127 0 -3.1728
 0.15 0 9.88239 -0.0726502 0 -3.16095
 0.15 0 9.89239 -0.0745242 0 -3.14891
 0.15 0 9.90239 -0.0761318 0 -3.13629
 0.15 0 9.91239 -0.0776162 0 -3.12326
 0.15 0 9.92239 -0.0786391 0 -3.10932
 0.15 0 9.93239 -0.0784706 0 -3.09724
 0.15 0 9.94239 -0.0760803 0 -3.08435
 0.15 0 9.95239 -0.0722234 0 -3.07217
 0.15 0 9.96239 -0.067271 0 -3.0609
 0.15 0 9.97239 -0.0614951 0 -3.05033
 0.15 0 9.98239 -0.0569222 0 -3.04165
 0.15 0 9.99239 -0.0513723 0 -3.03276
 0.15 0 10.0024 -0.0468954 0 -3.02689
 0.15 0 10.0124 -0.0423678 0 -3.02254
 0.15 0 10.0224 -0.0374742 0 -3.01926
 0.15 0 10.0324 -0.0253659 0 -3.02158
 0.15 0 10.0424 -0.0229771 0 -3.0272
 0.15 0 10.0524 -0.0250114 0 -3.03288
 0.15 0 10.0624 -0.0280299 0 -3.03631
 0.16 0 9.46239 -0.0553791 0 -3.17087
 0.16 0 9.47239 -0.066306 0 -3.15
 0.16 0 9.48239 -0.0549398 0 -3.13056
 0.16 0 9.49239 -0.0395229 0 -3.11085
 0.16 0 9.50239 -0.0291882 0 -3.09637
 0.16 0 9.51239 -0.0251206 0 -3.08964
 0.16 0 9.52239 -0.0150764 0 -3.08589
 0.16 0 9.53239 -0.0035296 0 -3.08439
 0.16 0 9.54239 0.0135223 0 -3.08732
 0.16 0 9.55239 0.0305898 0 -3.0915
 0.16 0 9.56239 0.0360712 0 -3.10078
 0.16 0 9.57239 0.0415579 0 -3.11038
 0.16 0 9.58239 0.04705 0 -3.1203
 0.16 0 9.59239 0.0530325 0 -3.12901
 0.16 0 9.60239 0.0554725 0 -3.13809
 0.16 0 9.61239 0.0569477 0 -3.1493
 0.16 0 9.62239 0.0583714 0 -3.16125
 0.16 0 9.63239 0.0595568 0 -3.17335
 0.16 0 9.64239 0.060504 0 -3.18559
 0.16 0 9.65239 0.0552923 0 -3.1971
 0.16 0 9.66239 0.0497781 0 -3.20806
 0.16 0 9.67239 0.0466368 0 -3.21626
 0.16 0 9.68239 0.0437435 0 -3.22367
 0.16 0 9.69239 0.039725 0 -3.23034
 0.16 0 9.70239 0.0345699 0 -3.23631
 0.16 0 9.71239 0.028037 0 -3.24152
 0.16 0 9.72239 0.0202876 0 -3.246
 0.16 0 9.73239 0.0122304 0 -3.24974
 0.16 0 9.74239 0.00685071 0 -3.2509
 0.16 0 9.75239 0.00108393 0 -3.25193
 0.16 0 9.76239 -0.00506993 0 -3.25282
 0.16 0 9.77239 -0.0146659 0 -3.25202
 0.16 0 9.78239 -0.024649 0 -3.24887
 0.16 0 9.79239 -0.030818 0 -3.24398
 0.16 0 9.80239 -0.0366095 0 -3.23906
 0.16 0 9.81239 -0.0420236 0 -3.23411
 0.16 0 9.82239 -0.0492634 0 -3.22703
 0.16 0 9.83239 -0.057049 0 -3.21865
 0.16 0 9.84239 -0.0637657 0 -3.20972
 0.16 0 9.85239 -0.0689189 0 -3.1999
 0.16 0 9.86239 -0.0738507 0 -3.18938
 0.16 0 9.87239 -0.077497 0 -3.1772
 0.16 0 9.88239 -0.0802997 0 -3.16485
 0.16 0 9.89239 -0.08244 0 -3.15178
 0.16 0 9.90239 -0.0841297 0 -3.13815
 0.16 0 9.91239 -0.0853688 0 -3.12396
 0.16 0 9.92239 -0.0861742 0 -3.10921
 0.16 0 9.93239 -0.0861392 0 -3.09511
 0.16 0 9.94239 -0.0829965 0 -3.0815
 0.16 0 9.95239 -0.0787798 0 -3.06861
 0.16 0 9.96239 -0.0737648 0 -3.0564
 0.16 0 9.97239 -0.0679517 0 -3.04488
 0.16 0 9.98239 -0.0616089 0 -3.03436
 0.16 0 9.99239 -0.0552103 0 -3.02495
 0.16 0 10.0024 -0.0503168 0 -3.01857
 0.16 0 10.0124 -0.0454375 0 -3.01372
 0.16 0 10.0224 -0.0326554 0 -3.01626
 0.16 0 10.0324 -0.0208655 0 -3.01846
 0.16 0 10.0424 -0.0138503 0 -3.02277
 0.16 0 10.0524 -0.0142705 0 -3.03039
 0.16 0 10.0624 -0.0202797 0 -3.03676
 0.17 0 9.46239 -0.0742239 0 -3.17043
 0.17 0 9.47239 -0.0862272 0 -3.14794
 0.17 0 9.48239 -0.0709792 0 -3.12955
 0.17 0 9.49239 -0.055742 0 -3.11029
 0.17 0 9.50239 -0.0405158 0 -3.09016
 0.17 0 9.51239 -0.0298115 0 -3.07547
 0.17 0 9.52239 -0.0168738 0 -3.07285
 0.17 0 9.53239 0.000567927 0 -3.07429
 0.17 0 9.54239 0.0180405 0 -3.07698
 0.17 0 9.55239 0.035544 0 -3.08093
 0.17 0 9.56239 0.04247 0 -3.08957
 0.17 0 9.57239 0.0479766 0 -3.09905
 0.17 0 9.58239 0.0534885 0 -3.10885
 0.17 0 9.59239 0.062812 0 -3.12318
 0.17 0 9.60239 0.0630279 0 -3.13964
 0.17 0 9.61239 0.0650161 0 -3.15152
 0.17 0 9.62239 0.066766 0 -3.16353
 0.17 0 9.63239 0.0682777 0 -3.17569
 0.17 0 9.64239 0.0693048 0 -3.18797
 0.17 0 9.65239 0.06341 0 -3.19944
 0.17 0 9.66239 0.0577081 0 -3.2104
 0.17 0 9.67239 0.0521992 0 -3.22086
 0.17 0 9.68239 0.0479788 0 -3.22953
 0.17 0 9.69239 0.0439867 0 -3.23631
 0.17 0 9.70239 0.0375933 0 -3.24245
 0.17 0 9.71239 0.0301887 0 -3.2479
 0.17 0 9.72239 0.0223073 0 -3.25273
 0.17 0 9.73239 0.0139491 0 -3.25692
 0.17 0 9.74239 0.00816751 0 -3.25891
 0.17 0 9.75239 0.00275969 0 -3.2603
 0.17 0 9.76239 -0.00405332 0 -3.26096
 0.17 0 9.77239 -0.0157762 0 -3.25888
 0.17 0 9.78239 -0.0276378 0 -3.25695
 0.17 0 9.79239 -0.0345552 0 -3.25232
 0.17 0 9.80239 -0.0400134 0 -3.24704
 0.17 0 9.81239 -0.0450941 0 -3.24174
 0.17 0 9.82239 -0.0534358 0 -3.2333
 0.17 0 9.83239 -0.0613398 0 -3.22445
 0.17 0 9.84239 -0.068789 0 -3.21517
 0.17 0 9.85239 -0.0756425 0 -3.20545
 0.17 0 9.86239 -0.0806078 0 -3.19467
 0.17 0 9.87239 -0.0847466 0 -3.1823
 0.17 0 9.88239 -0.0875904 0 -3.16895
 0.17 0 9.89239 -0.0899242 0 -3.15499
 0.17 0 9.90239 -0.0918074 0 -3.14047
 0.17 0 9.91239 -0.093883 0 -3.12522
 0.17 0 9.92239 -0.095926 0 -3.10936
 0.17 0 9.93239 -0.0945809 0 -3.09243
 0.17 0 9.94239 -0.0900359 0 -3.0777
 0.17 0 9.95239 -0.0848936 0 -3.06376
 0.17 0 9.96239 -0.0793986 0 -3.05049
 0.17 0 9.97239 -0.0735613 0 -3.03803
 0.17 0 9.98239 -0.0669258 0 -3.02625
 0.17 0 9.99239 -0.0595578 0 -3.01559
 0.17 0 10.0024 -0.0539794 0 -3.00899
 0.17 0 10.0124 -0.0407637 0 -3.0116
 0.17 0 10.0224 -0.0285965 0 -3.01382
 0.17 0 10.0324 -0.0174778 0 -3.01565
 0.17 0 10.0424 -0.00748203 0 -3.01718
 0.17 0 10.0524 -0.00684837 0 -3.02668
 0.17 0 10.0624 -0.0141515 0 -3.035
 0.18 0 9.46239 -0.0945657 0 -3.17208
 0.18 0 9.47239 -0.101618 0 -3.14674
 0.18 0 9.48239 -0.0865502 0 -3.1288
 0.18 0 9.49239 -0.0715186 0 -3.10957
 0.18 0 9.50239 -0.0581614 0 -3.08089
 0.18 0 9.51239 -0.039664 0 -3.05604
 0.18 0 9.52239 -0.0128472 0 -3.05881
 0.18 0 9.53239 0.00363277 0 -3.06282
 0.18 0 9.54239 0.0215261 0 -3.06528
 0.18 0 9.55239 0.0394503 0 -3.069
 0.18 0 9.56239 0.0479326 0 -3.07698
 0.18 0 9.57239 0.0537657 0 -3.08664
 0.18 0 9.58239 0.0656878 0 -3.10293
 0.18 0 9.59239 0.0771446 0 -3.11988
 0.18 0 9.60239 0.0755122 0 -3.13695
 0.18 0 9.61239 0.0731235 0 -3.154
 0.18 0 9.62239 0.0751997 0 -3.16607
 0.18 0 9.63239 0.0770376 0 -3.17829
 0.18 0 9.64239 0.0775317 0 -3.19055
 0.18 0 9.65239 0.0714491 0 -3.20203
 0.18 0 9.66239 0.0655596 0 -3.213
 0.18 0 9.67239 0.059863 0 -3.22346
 0.18 0 9.68239 0.0543594 0 -3.23342
 0.18 0 9.69239 0.0475637 0 -3.24283
 0.18 0 9.70239 0.0401182 0 -3.24933
 0.18 0 9.71239 0.0325816 0 -3.25512
 0.18 0 9.72239 0.0245682 0 -3.26029
 0.18 0 9.73239 0.0160781 0 -3.26482
 0.18 0 9.74239 0.0094714 0 -3.2677
 0.18 0 9.75239 0.00442254 0 -3.26947
 0.18 0 9.76239 -0.00560826 0 -3.26805
 0.18 0 9.77239 -0.0168719 0 -3.26604
 0.18 0 9.78239 -0.0282741 0 -3.26418
 0.18 0 9.79239 -0.0383037 0 -3.2615
 0.18 0 9.80239 -0.0434285 0 -3.25587
 0.18 0 9.81239 -0.0494251 0 -3.24931
 0.18 0 9.82239 -0.0579024 0 -3.24038
 0.18 0 9.83239 -0.0659248 0 -3.23105
 0.18 0 9.84239 -0.0734924 0 -3.2213
 0.18 0 9.85239 -0.0806052 0 -3.21114
 0.18 0 9.86239 -0.0872632 0 -3.20057
 0.18 0 9.87239 -0.0916608 0 -3.18761
 0.18 0 9.88239 -0.0958925 0 -3.17296
 0.18 0 9.89239 -0.0996454 0 -3.15782
 0.18 0 9.90239 -0.102919 0 -3.14221
 0.18 0 9.91239 -0.105714 0 -3.1261
 0.18 0 9.92239 -0.108031 0 -3.10952
 0.18 0 9.93239 -0.105621 0 -3.09142
 0.18 0 9.94239 -0.10066 0 -3.07333
 0.18 0 9.95239 -0.0948321 0 -3.05863
 0.18 0 9.96239 -0.0883559 0 -3.04451
 0.18 0 9.97239 -0.0812309 0 -3.03095
 0.18 0 9.98239 -0.0734572 0 -3.01796
 0.18 0 9.99239 -0.0654778 0 -3.00517
 0.18 0 10.0024 -0.0496621 0 -3.00413
 0.18 0 10.0124 -0.0372288 0 -3.00819
 0.18 0 10.0224 -0.0256695 0 -3.01155
 0.18 0 10.0324 -0.0152028 0 -3.01317
 0.18 0 10.0424 -0.00580399 0 -3.01425
 0.18 0 10.0524 -0.00315353 0 -3.02173
 0.18 0 10.0624 -0.000967637 0 -3.03577
 0.19 0 9.46239 -0.129768 0 -3.187
 0.19 0 9.47239 -0.115622 0 -3.12387
 0.19 0 9.48239 -0.100653 0 -3.09511
 0.19 0 9.49239 -0.0897119 0 -3.06878
 0.19 0 9.50239 -0.0808883 0 -3.04301
 0.19 0 9.51239 -0.0439966 0 -3.03096
 0.19 0 9.52239 -0.00298526 0 -3.03105
 0.19 0 9.53239 0.0111228 0 -3.03897
 0.19 0 9.54239 0.0262581 0 -3.04711
 0.19 0 9.55239 0.0424207 0 -3.05545
 0.19 0 9.56239 0.0556785 0 -3.06595
 0.19 0 9.57239 0.0679336 0 -3.08186
 0.19 0 9.58239 0.0797234 0 -3.09842
 0.19 0 9.59239 0.0904126 0 -3.11561
 0.19 0 9.60239 0.0881411 0 -3.13295
 0.19 0 9.61239 0.0855188 0 -3.15121
 0.19 0 9.62239 0.0836723 0 -3.16887
 0.19 0 9.63239 0.0858365 0 -3.18115
 0.19 0 9.64239 0.08568 0 -3.19339
 0.19 0 9.65239 0.0794098 0 -3.20488
 0.19 0 9.66239 0.0733325 0 -3.21586
 0.19 0 9.67239 0.0673357 0 -3.22756
 0.19 0 9.68239 0.0612951 0 -3.23972
 0.19 0 9.69239 0.054382 0 -3.24968
 0.19 0 9.70239 0.045505 0 -3.25679
 0.19 0 9.71239 0.0362138 0 -3.26313
 0.19 0 9.72239 0.0270704 0 -3.26869
 0.19 0 9.73239 0.0184483 0 -3.27356
 0.19 0 9.74239 0.0107624 0 -3.27729
 0.19 0 9.75239 0.00351711 0 -3.27752
 0.19 0 9.76239 -0.00714848 0 -3.27544
 0.19 0 9.77239 -0.0179527 0 -3.2735
 0.19 0 9.78239 -0.0288957 0 -3.2717
 0.19 0 9.79239 -0.0399773 0 -3.27005
 0.19 0 9.80239 -0.046855 0 -3.26553
 0.19 0 9.81239 -0.0540675 0 -3.25767
 0.19 0 9.82239 -0.0626631 0 -3.24827
 0.19 0 9.83239 -0.070804 0 -3.23846
 0.19 0 9.84239 -0.0787661 0 -3.22831
 0.19 0 9.85239 -0.086885 0 -3.21785
 0.19 0 9.86239 -0.0944128 0 -3.20687
 0.19 0 9.87239 -0.102565 0 -3.19198
 0.19 0 9.88239 -0.107397 0 -3.17652
 0.19 0 9.89239 -0.111423 0 -3.16066
 0.19 0 9.90239 -0.11497 0 -3.14432
 0.19 0 9.91239 -0.118039 0 -3.12749
 0.19 0 9.92239 -0.120549 0 -3.11017
 0.19 0 9.93239 -0.117404 0 -3.09082
 0.19 0 9.94239 -0.113129 0 -3.06931
 0.19 0 9.95239 -0.106833 0 -3.0527
 0.19 0 9.96239 -0.0996719 0 -3.03783
 0.19 0 9.97239 -0.0918618 0 -3.02352
 0.19 0 9.98239 -0.0838265 0 -3.00897
 0.19 0 9.99239 -0.0794338 0 -2.99065
 0.19 0 10.0024 -0.0444756 0 -2.97757
 0.19 0 10.0124 -0.0312828 0 -2.982
 0.19 0 10.0224 -0.0219726 0 -2.98744
 0.19 0 10.0324 -0.0135363 0 -2.99218
 0.19 0 10.0424 -0.00597391 0 -2.99623
 0.19 0 10.0524 0.0222113 0 -3.02146
 0.19 0 10.0624 0.0295154 0 -3.04352
 0.2 0 9.46239 -0.193701 0 -3.19124
 0.2 0 9.47239 -0.166209 0 -3.10868
 0.2 0 9.48239 -0.114933 0 -3.04833
 0.2 0 9.49239 -0.108525 0 -3.02491
 0.2 0 9.50239 -0.101535 0 -3.00317
 0.2 0 9.51239 -0.0462486 0 -3.00338
 0.2 0 9.52239 0.00301979 0 -3.00374
 0.2 0 9.53239 0.019773 0 -3.01169
 0.2 0 9.54239 0.0338707 0 -3.02077
 0.2 0 9.55239 0.0539436 0 -3.03462
 0.2 0 9.56239 0.0708399 0 -3.05814
 0.2 0 9.57239 0.0816724 0 -3.07614
 0.2 0 9.58239 0.0933299 0 -3.09298
 0.2 0 9.59239 0.102252 0 -3.11035
 0.2 0 9.60239 0.100516 0 -3.12802
 0.2 0 9.61239 0.0984298 0 -3.14661
 0.2 0 9.62239 0.0959925 0 -3.16613
 0.2 0 9.63239 0.0946745 0 -3.18426
 0.2 0 9.64239 0.0937498 0 -3.19649
 0.2 0 9.65239 0.0872846 0 -3.20819
 0.2 0 9.66239 0.0808172 0 -3.22251
 0.2 0 9.67239 0.0743976 0 -3.23567
 0.2 0 9.68239 0.0680259 0 -3.24769
 0.2 0 9.69239 0.0610078 0 -3.25786
 0.2 0 9.70239 0.0520133 0 -3.26539
 0.2 0 9.71239 0.0426046 0 -3.27214
 0.2 0 9.72239 0.0327817 0 -3.27812
 0.2 0 9.73239 0.0225446 0 -3.28332
 0.2 0 9.74239 0.0116424 0 -3.28744
 0.2 0 9.75239 0.00153229 0 -3.28514
 0.2 0 9.76239 -0.00867397 0 -3.28312
 0.2 0 9.77239 -0.0190189 0 -3.28125
 0.2 0 9.78239 -0.0295025 0 -3.27952
 0.2 0 9.79239 -0.0401248 0 -3.27794
 0.2 0 9.80239 -0.0502928 0 -3.27604
 0.2 0 9.81239 -0.0594059 0 -3.26701
 0.2 0 9.82239 -0.0691873 0 -3.25753
 0.2 0 9.83239 -0.0783776 0 -3.24754
 0.2 0 9.84239 -0.0869769 0 -3.23702
 0.2 0 9.85239 -0.0949853 0 -3.22597
 0.2 0 9.86239 -0.102662 0 -3.21395
 0.2 0 9.87239 -0.111474 0 -3.19782
 0.2 0 9.88239 -0.119395 0 -3.18059
 0.2 0 9.89239 -0.123694 0 -3.16401
 0.2 0 9.90239 -0.127514 0 -3.14694
 0.2 0 9.91239 -0.130855 0 -3.12939
 0.2 0 9.92239 -0.132431 0 -3.11111
 0.2 0 9.93239 -0.129929 0 -3.09065
 0.2 0 9.94239 -0.126297 0 -3.06803
 0.2 0 9.95239 -0.120897 0 -3.04596
 0.2 0 9.96239 -0.11305 0 -3.03034
 0.2 0 9.97239 -0.104727 0 -3.01384
 0.2 0 9.98239 -0.0977371 0 -2.99229
 0.2 0 9.99239 -0.0919566 0 -2.97476
 0.2 0 10.0024 -0.0570613 0 -2.96033
 0.2 0 10.0124 -0.0180171 0 -2.95106
 0.2 0 10.0224 -0.0109559 0 -2.95858
 0.2 0 10.0324 -0.00476866 0 -2.9654
 0.2 0 10.0424 0.00701886 0 -2.9753
 0.2 0 10.0524 0.057879 0 -3.02535
 0.2 0 10.0624 0.070501 0 -3.05564
 0.21 0 9.46239 -0.282732 0 -3.20366
 0.21 0 9.47239 -0.236663 0 -3.09963
 0.21 0 9.48239 -0.163704 0 -3.01637
 0.21 0 9.49239 -0.127959 0 -2.97797
 0.21 0 9.50239 -0.0993175 0 -2.96964
 0.21 0 9.51239 -0.0464201 0 -2.97332
 0.21 0 9.52239 0.000459273 0 -2.97714
 0.21 0 9.53239 0.0282493 0 -2.98395
 0.21 0 9.54239 0.0447096 0 -2.99618
 0.21 0 9.55239 0.0719837 0 -3.01851
 0.21 0 9.56239 0.089531 0 -3.04383
 0.21 0 9.57239 0.0965886 0 -3.06793
 0.21 0 9.58239 0.106507 0 -3.08659
 0.21 0 9.59239 0.113838 0 -3.10416
 0.21 0 9.60239 0.112638 0 -3.12216
 0.21 0 9.61239 0.111087 0 -3.14109
 0.21 0 9.62239 0.109186 0 -3.16094
 0.21 0 9.63239 0.106933 0 -3.18171
 0.21 0 9.64239 0.101688 0 -3.20268
 0.21 0 9.65239 0.0948419 0 -3.218
 0.21 0 9.66239 0.0880434 0 -3.23217
 0.21 0 9.67239 0.0812927 0 -3.24519
 0.21 0 9.68239 0.0745898 0 -3.25706
 0.21 0 9.69239 0.0674411 0 -3.26737
 0.21 0 9.70239 0.0583291 0 -3.27532
 0.21 0 9.71239 0.0488028 0 -3.28249
 0.21 0 9.72239 0.0388624 0 -3.28888
 0.21 0 9.73239 0.0279274 0 -3.29432
 0.21 0 9.74239 0.0121746 0 -3.29774
 0.21 0 9.75239 0.000467632 0 -3.29706
 0.21 0 9.76239 -0.00951156 0 -3.295
 0.21 0 9.77239 -0.019613 0 -3.29307
 0.21 0 9.78239 -0.0298366 0 -3.29129
 0.21 0 9.79239 -0.0401825 0 -3.28965
 0.21 0 9.80239 -0.0530268 0 -3.28645
 0.21 0 9.81239 -0.068118 0 -3.27865
 0.21 0 9.82239 -0.0777888 0 -3.26859
 0.21 0 9.83239 -0.0868687 0 -3.258
 0.21 0 9.84239 -0.0953576 0 -3.24689
 0.21 0 9.85239 -0.103255 0 -3.23525
 0.21 0 9.86239 -0.11158 0 -3.22168
 0.21 0 9.87239 -0.120856 0 -3.20476
 0.21 0 9.88239 -0.129251 0 -3.18674
 0.21 0 9.89239 -0.136457 0 -3.16786
 0.21 0 9.90239 -0.14055 0 -3.15006
 0.21 0 9.91239 -0.144165 0 -3.13179
 0.21 0 9.92239 -0.145055 0 -3.11246
 0.21 0 9.93239 -0.143196 0 -3.0909
 0.21 0 9.94239 -0.140208 0 -3.06717
 0.21 0 9.95239 -0.13609 0 -3.04128
 0.21 0 9.96239 -0.12818 0 -3.01978
 0.21 0 9.97239 -0.118592 0 -2.995
 0.21 0 9.98239 -0.110215 0 -2.97425
 0.21 0 9.99239 -0.103046 0 -2.95752
 0.21 0 10.0024 -0.0684304 0 -2.94156
 0.21 0 10.0124 -0.0267075 0 -2.92888
 0.21 0 10.0224 0.00738059 0 -2.92495
 0.21 0 10.0324 0.0113187 0 -2.93385
 0.21 0 10.0424 0.0397761 0 -2.9577
 0.21 0 10.0524 0.0953973 0 -3.02038
 0.21 0 10.0624 0.121989 0 -3.07212
 0.22 0 9.46239 -0.396861 0 -3.22427
 0.22 0 9.47239 -0.326982 0 -3.09673
 0.22 0 9.48239 -0.244026 0 -2.99688
 0.22 0 9.49239 -0.168809 0 -2.9223
 0.22 0 9.50239 -0.0925956 0 -2.929
 0.22 0 9.51239 -0.0429338 0 -2.93837
 0.22 0 9.52239 0.000666718 0 -2.94726
 0.22 0 9.53239 0.0377497 0 -2.95628
 0.22 0 9.54239 0.0653891 0 -2.97687
 0.22 0 9.55239 0.0903743 0 -3.00106
 0.22 0 9.56239 0.108065 0 -3.02822
 0.22 0 9.57239 0.115869 0 -3.05411
 0.22 0 9.58239 0.121187 0 -3.07799
 0.22 0 9.59239 0.125171 0 -3.09705
 0.22 0 9.60239 0.125699 0 -3.11719
 0.22 0 9.61239 0.126346 0 -3.13979
 0.22 0 9.62239 0.125992 0 -3.16338
 0.22 0 9.63239 0.124637 0 -3.18796
 0.22 0 9.64239 0.115338 0 -3.20968
 0.22 0 9.65239 0.102914 0 -3.22873
 0.22 0 9.66239 0.0951026 0 -3.24324
 0.22 0 9.67239 0.0880208 0 -3.25612
 0.22 0 9.68239 0.0809868 0 -3.26784
 0.22 0 9.69239 0.0736818 0 -3.27821
 0.22 0 9.70239 0.0644522 0 -3.28658
 0.22 0 9.71239 0.0548085 0 -3.29416
 0.22 0 9.72239 0.0440822 0 -3.30071
 0.22 0 9.73239 0.0289809 0 -3.30505
 0.22 0 9.74239 0.0131807 0 -3.30876
 0.22 0 9.75239 -0.00060046 0 -3.30995
 0.22 0 9.76239 -0.0103244 0 -3.30798
 0.22 0 9.77239 -0.0201705 0 -3.30616
 0.22 0 9.78239 -0.0301389 0 -3.30448
 0.22 0 9.79239 -0.0402295 0 -3.30294
 0.22 0 9.80239 -0.0562593 0 -3.2973
 0.22 0 9.81239 -0.0735002 0 -3.29002
 0.22 0 9.82239 -0.0865603 0 -3.28081
 0.22 0 9.83239 -0.0955297 0 -3.26963
 0.22 0 9.84239 -0.103908 0 -3.25793
 0.22 0 9.85239 -0.111695 0 -3.2457
 0.22 0 9.86239 -0.120971 0 -3.23051
 0.22 0 9.87239 -0.130711 0 -3.2128
 0.22 0 9.88239 -0.13957 0 -3.194
 0.22 0 9.89239 -0.147546 0 -3.1741
 0.22 0 9.90239 -0.154079 0 -3.1537
 0.22 0 9.91239 -0.157967 0 -3.1347
 0.22 0 9.92239 -0.158421 0 -3.11424
 0.22 0 9.93239 -0.157205 0 -3.09157
 0.22 0 9.94239 -0.155518 0 -3.0662
 0.22 0 9.95239 -0.155776 0 -3.0372
 0.22 0 9.96239 -0.14681 0 -3.00482
 0.22 0 9.97239 -0.131025 0 -2.97481
 0.22 0 9.98239 -0.121259 0 -2.95485
 0.22 0 9.99239 -0.112341 0 -2.93883
 0.22 0 10.0024 -0.0785829 0 -2.92126
 0.22 0 10.0124 -0.0382498 0 -2.90703
 0.22 0 10.0224 0.00865781 0 -2.89613
 0.22 0 10.0324 0.0347259 0 -2.89755
 0.22 0 10.0424 0.0849419 0 -2.93948
 0.22 0 10.0524 0.145324 0 -3.0148
 0.22 0 10.0624 0.18398 0 -3.09298
 0.23 0 9.46239 -0.536088 0 -3.25305
 0.23 0 9.47239 -0.450117 0 -2.97877
 0.23 0 9.48239 -0.32747 0 -2.8406
 0.23 0 9.49239 -0.174521 0 -2.84312
 0.23 0 9.50239 -0.0622846 0 -2.8546
 0.23 0 9.51239 -0.0146912 0 -2.87432
 0.23 0 9.52239 0.026841 0 -2.89356
 0.23 0 9.53239 0.0595266 0 -2.92617
 0.23 0 9.54239 0.0872412 0 -2.9617
 0.23 0 9.55239 0.112015 0 -2.98679
 0.23 0 9.56239 0.129696 0 -3.01534
 0.23 0 9.57239 0.137193 0 -3.04328
 0.23 0 9.58239 0.14202 0 -3.07038
 0.23 0 9.59239 0.144384 0 -3.10041
 0.23 0 9.60239 0.145435 0 -3.12277
 0.23 0 9.61239 0.145484 0 -3.14612
 0.23 0 9.62239 0.144533 0 -3.17045
 0.23 0 9.63239 0.142581 0 -3.19578
 0.23 0 9.64239 0.13062 0 -3.21672
 0.23 0 9.65239 0.117791 0 -3.23589
 0.23 0 9.66239 0.104949 0 -3.25369
 0.23 0 9.67239 0.094582 0 -3.26845
 0.23 0 9.68239 0.0872169 0 -3.28003
 0.23 0 9.69239 0.0797299 0 -3.29039
 0.23 0 9.70239 0.0703828 0 -3.29917
 0.23 0 9.71239 0.0598863 0 -3.30681
 0.23 0 9.72239 0.0454365 0 -3.31206
 0.23 0 9.73239 0.0302877 0 -3.31669
 0.23 0 9.74239 0.0144401 0 -3.32069
 0.23 0 9.75239 -0.00167407 0 -3.32377
 0.23 0 9.76239 -0.0111427 0 -3.32191
 0.23 0 9.77239 -0.0207336 0 -3.32019
 0.23 0 9.78239 -0.0304467 0 -3.31862
 0.23 0 9.79239 -0.0420345 0 -3.316
 0.23 0 9.80239 -0.0597362 0 -3.30884
 0.23 0 9.81239 -0.0768286 0 -3.30123
 0.23 0 9.82239 -0.0933116 0 -3.29318
 0.23 0 9.83239 -0.10436 0 -3.28242
 0.23 0 9.84239 -0.112628 0 -3.27013
 0.23 0 9.85239 -0.120305 0 -3.25732
 0.23 0 9.86239 -0.130835 0 -3.24044
 0.23 0 9.87239 -0.141039 0 -3.22195
 0.23 0 9.88239 -0.150362 0 -3.20236
 0.23 0 9.89239 -0.158803 0 -3.18168
 0.23 0 9.90239 -0.166361 0 -3.15989
 0.23 0 9.91239 -0.171973 0 -3.13806
 0.23 0 9.92239 -0.173891 0 -3.11413
 0.23 0 9.93239 -0.176124 0 -3.08772
 0.23 0 9.94239 -0.1782 0 -3.06004
 0.23 0 9.95239 -0.180118 0 -3.03107
 0.23 0 9.96239 -0.172354 0 -2.99905
 0.23 0 9.97239 -0.154191 0 -2.96772
 0.23 0 9.98239 -0.136563 0 -2.9405
 0.23 0 9.99239 -0.119887 0 -2.91854
 0.23 0 10.0024 -0.087581 0 -2.89934
 0.23 0 10.0124 -0.0499129 0 -2.8813
 0.23 0 10.0224 -0.00580382 0 -2.86545
 0.23 0 10.0324 0.0447464 0 -2.85177
 0.23 0 10.0424 0.144518 0 -2.89531
 0.23 0 10.0524 0.210126 0 -2.99026
 0.23 0 10.0624 0.256474 0 -3.11822
 0.24 0 9.46239 -0.689541 0 -2.68002
 0.24 0 9.47239 -0.508547 0 -2.68769
 0.24 0 9.48239 -0.308594 0 -2.73316
 0.24 0 9.49239 -0.164434 0 -2.76336
 0.24 0 9.50239 -0.0225874 0 -2.78102
 0.24 0 9.51239 0.0229573 0 -2.81108
 0.24 0 9.52239 0.0612808 0 -2.84364
 0.24 0 9.53239 0.0895004 0 -2.89109
 0.24 0 9.54239 0.11523 0 -2.9371
 0.24 0 9.55239 0.139143 0 -2.97393
 0.24 0 9.56239 0.156984 0 -3.00398
 0.24 0 9.57239 0.1638 0 -3.03435
 0.24 0 9.58239 0.164152 0 -3.07147
 0.24 0 9.59239 0.164829 0 -3.10445
 0.24 0 9.60239 0.1653 0 -3.12963
 0.24 0 9.61239 0.164753 0 -3.15372
 0.24 0 9.62239 0.163204 0 -3.17881
 0.24 0 9.63239 0.159292 0 -3.20421
 0.24 0 9.64239 0.146069 0 -3.22488
 0.24 0 9.65239 0.132834 0 -3.24416
 0.24 0 9.66239 0.119586 0 -3.26208
 0.24 0 9.67239 0.106325 0 -3.27861
 0.24 0 9.68239 0.0932801 0 -3.29362
 0.24 0 9.69239 0.0855854 0 -3.3039
 0.24 0 9.70239 0.0753397 0 -3.31261
 0.24 0 9.71239 0.0615414 0 -3.31878
 0.24 0 9.72239 0.0470442 0 -3.32433
 0.24 0 9.73239 0.031848 0 -3.32924
 0.24 0 9.74239 0.015953 0 -3.33353
 0.24 0 9.75239 -0.000640944 0 -3.33719
 0.24 0 9.76239 -0.0119666 0 -3.33679
 0.24 0 9.77239 -0.0213021 0 -3.33517
 0.24 0 9.78239 -0.03076 0 -3.3337
 0.24 0 9.79239 -0.0459044 0 -3.32854
 0.24 0 9.80239 -0.0634576 0 -3.32105
 0.24 0 9.81239 -0.0804014 0 -3.31312
 0.24 0 9.82239 -0.0967358 0 -3.30474
 0.24 0 9.83239 -0.112461 0 -3.29592
 0.24 0 9.84239 -0.121519 0 -3.2835
 0.24 0 9.85239 -0.129621 0 -3.26965
 0.24 0 9.86239 -0.141172 0 -3.25147
 0.24 0 9.87239 -0.15184 0 -3.2322
 0.24 0 9.88239 -0.161627 0 -3.21183
 0.24 0 9.89239 -0.171224 0 -3.19033
 0.24 0 9.90239 -0.182167 0 -3.16764
 0.24 0 9.91239 -0.190877 0 -3.14235
 0.24 0 9.92239 -0.193208 0 -3.10948
 0.24 0 9.93239 -0.196964 0 -3.08219
 0.24 0 9.94239 -0.2007 0 -3.05454
 0.24 0 9.95239 -0.204279 0 -3.0256
 0.24 0 9.96239 -0.197973 0 -2.99392
 0.24 0 9.97239 -0.178723 0 -2.96281
 0.24 0 9.98239 -0.160007 0 -2.9358
 0.24 0 9.99239 -0.141996 0 -2.89147
 0.24 0 10.0024 -0.116994 0 -2.85444
 0.24 0 10.0124 -0.0819799 0 -2.82667
 0.24 0 10.0224 -0.0405249 0 -2.80108
 0.24 0 10.0324 0.0397446 0 -2.77867
 0.24 0 10.0424 0.170558 0 -2.74263
 0.24 0 10.0524 0.273764 0 -2.76523
 0.24 0 10.0624 0.346565 0 -2.83239
 0.25 0 9.46239 -0.534417 0 -2.07391
 0.25 0 9.47239 -0.354601 0 -2.36138
 0.25 0 9.48239 -0.250255 0 -2.5518
 0.25 0 9.49239 -0.137574 0 -2.6794
 0.25 0 9.50239 -0.00744664 0 -2.71518
 0.25 0 9.51239 0.0700116 0 -2.74865
 0.25 0 9.52239 0.101678 0 -2.79892
 0.25 0 9.53239 0.127872 0 -2.85231
 0.25 0 9.54239 0.151577 0 -2.90428
 0.25 0 9.55239 0.172792 0 -2.95482
 0.25 0 9.56239 0.18964 0 -2.99328
 0.25 0 9.57239 0.188749 0 -3.03511
 0.25 0 9.58239 0.187249 0 -3.07396
 0.25 0 9.59239 0.186074 0 -3.10866
 0.25 0 9.60239 0.185296 0 -3.13776
 0.25 0 9.61239 0.184151 0 -3.16261
 0.25 0 9.62239 0.182005 0 -3.18844
 0.25 0 9.63239 0.175313 0 -3.21337
 0.25 0 9.64239 0.161684 0 -3.23415
 0.25 0 9.65239 0.148043 0 -3.25355
 0.25 0 9.66239 0.134389 0 -3.27158
 0.25 0 9.67239 0.120722 0 -3.28824
 0.25 0 9.68239 0.107043 0 -3.30351
 0.25 0 9.69239 0.0916082 0 -3.31764
 0.25 0 9.70239 0.0772957 0 -3.32521
 0.25 0 9.71239 0.06345 0 -3.33167
 0.25 0 9.72239 0.0489053 0 -3.3375
 0.25 0 9.73239 0.0336618 0 -3.3427
 0.25 0 9.74239 0.0177193 0 -3.34727
 0.25 0 9.75239 0.00107795 0 -3.35122
 0.25 0 9.76239 -0.0127959 0 -3.35261
 0.25 0 9.77239 -0.0218762 0 -3.3511
 0.25 0 9.78239 -0.0320048 0 -3.34913
 0.25 0 9.79239 -0.0500188 0 -3.34176
 0.25 0 9.80239 -0.0674234 0 -3.33394
 0.25 0 9.81239 -0.0842186 0 -3.32568
 0.25 0 9.82239 -0.100404 0 -3.31698
 0.25 0 9.83239 -0.115981 0 -3.30783
 0.25 0 9.84239 -0.130579 0 -3.29803
 0.25 0 9.85239 -0.139966 0 -3.28257
 0.25 0 9.86239 -0.151981 0 -3.26361
 0.25 0 9.87239 -0.165101 0 -3.24362
 0.25 0 9.88239 -0.177979 0 -3.22252
 0.25 0 9.89239 -0.190261 0 -3.2003
 0.25 0 9.90239 -0.201946 0 -3.17694
 0.25 0 9.91239 -0.210995 0 -3.15081
 0.25 0 9.92239 -0.214233 0 -3.11812
 0.25 0 9.93239 -0.218197 0 -3.08341
 0.25 0 9.94239 -0.223018 0 -3.0497
 0.25 0 9.95239 -0.228257 0 -3.0208
 0.25 0 9.96239 -0.223667 0 -2.98943
 0.25 0 9.97239 -0.203424 0 -2.95826
 0.25 0 9.98239 -0.188866 0 -2.91069
 0.25 0 9.99239 -0.172156 0 -2.86219
 0.25 0 10.0024 -0.153296 0 -2.81276
 0.25 0 10.0124 -0.121622 0 -2.77442
 0.25 0 10.0224 -0.0828214 0 -2.73909
 0.25 0 10.0324 0.0207955 0 -2.70767
 0.25 0 10.0424 0.136273 0 -2.65638
 0.25 0 10.0524 0.246624 0 -2.58207
 0.25 0 10.0624 0.362001 0 -2.58019
 0.26 0 9.46239 -0.224977 0 -2.02128
 0.26 0 9.47239 -0.181167 0 -2.19537
 0.26 0 9.48239 -0.0946436 0 -2.37021
 0.26 0 9.49239 -0.0130111 0 -2.51115
 0.26 0 9.50239 0.0637303 0 -2.61819
 0.26 0 9.51239 0.123603 0 -2.69434
 0.26 0 9.52239 0.150557 0 -2.76009
 0.26 0 9.53239 0.175687 0 -2.823
 0.26 0 9.54239 0.198994 0 -2.88306
 0.26 0 9.55239 0.220478 0 -2.94027
 0.26 0 9.56239 0.225735 0 -2.99202
 0.26 0 9.57239 0.214664 0 -3.03728
 0.26 0 9.58239 0.211311 0 -3.07784
 0.26 0 9.59239 0.208284 0 -3.11426
 0.26 0 9.60239 0.205583 0 -3.14654
 0.26 0 9.61239 0.203679 0 -3.17277
 0.26 0 9.62239 0.200935 0 -3.19935
 0.26 0 9.63239 0.191501 0 -3.22364
 0.26 0 9.64239 0.177466 0 -3.24454
 0.26 0 9.65239 0.163418 0 -3.26406
 0.26 0 9.66239 0.149358 0 -3.28221
 0.26 0 9.67239 0.135285 0 -3.29898
 0.26 0 9.68239 0.117161 0 -3.315
 0.26 0 9.69239 0.098275 0 -3.32999
 0.26 0 9.70239 0.0824601 0 -3.33857
 0.26 0 9.71239 0.0668885 0 -3.34543
 0.26 0 9.72239 0.0510199 0 -3.35158
 0.26 0 9.73239 0.0357289 0 -3.35706
 0.26 0 9.74239 0.019739 0 -3.36192
 0.26 0 9.75239 0.00305027 0 -3.36616
 0.26 0 9.76239 -0.0136308 0 -3.36938
 0.26 0 9.77239 -0.0224558 0 -3.36797
 0.26 0 9.78239 -0.0365122 0 -3.36336
 0.26 0 9.79239 -0.0543776 0 -3.35566
 0.26 0 9.80239 -0.0716336 0 -3.34751
 0.26 0 9.81239 -0.0882803 0 -3.33893
 0.26 0 9.82239 -0.104318 0 -3.3299
 0.26 0 9.83239 -0.119745 0 -3.32043
 0.26 0 9.84239 -0.134683 0 -3.31114
 0.26 0 9.85239 -0.153623 0 -3.29699
 0.26 0 9.86239 -0.168435 0 -3.27748
 0.26 0 9.87239 -0.182651 0 -3.25684
 0.26 0 9.88239 -0.196271 0 -3.23508
 0.26 0 9.89239 -0.209296 0 -3.21218
 0.26 0 9.90239 -0.221724 0 -3.18816
 0.26 0 9.91239 -0.231125 0 -3.16129
 0.26 0 9.92239 -0.235271 0 -3.12877
 0.26 0 9.93239 -0.240142 0 -3.09423
 0.26 0 9.94239 -0.245739 0 -3.05768
 0.26 0 9.95239 -0.252061 0 -3.01912
 0.26 0 9.96239 -0.249778 0 -2.98506
 0.26 0 9.97239 -0.238672 0 -2.93425
 0.26 0 9.98239 -0.225415 0 -2.88251
 0.26 0 9.99239 -0.210007 0 -2.82984
 0.26 0 10.0024 -0.192448 0 -2.77623
 0.26 0 10.0124 -0.16884 0 -2.72454
 0.26 0 10.0224 -0.119359 0 -2.68223
 0.26 0 10.0324 -0.0140915 0 -2.63871
 0.26 0 10.0424 0.0860499 0 -2.57217
 0.26 0 10.0524 0.181066 0 -2.48261
 0.26 0 10.0624 0.256169 0 -2.34691
 0.27 0 9.46239 -0.0306032 0 -2.03919
 0.27 0 9.47239 -0.043806 0 -2.17762
 0.27 0 9.48239 0.0337738 0 -2.35236
 0.27 0 9.49239 0.106462 0 -2.49321
 0.27 0 9.50239 0.17426 0 -2.60016
 0.27 0 9.51239 0.205461 0 -2.68322
 0.27 0 9.52239 0.200647 0 -2.76335
 0.27 0 9.53239 0.226339 0 -2.82543
 0.27 0 9.54239 0.250208 0 -2.88468
 0.27 0 9.55239 0.272254 0 -2.94107
 0.27 0 9.56239 0.27119 0 -2.99082
 0.27 0 9.57239 0.2535 0 -3.03705
 0.27 0 9.58239 0.236339 0 -3.08311
 0.27 0 9.59239 0.231459 0 -3.12125
 0.27 0 9.60239 0.226906 0 -3.15525
 0.27 0 9.61239 0.223336 0 -3.18421
 0.27 0 9.62239 0.219996 0 -3.21154
 0.27 0 9.63239 0.207855 0 -3.23503
 0.27 0 9.64239 0.193413 0 -3.25605
 0.27 0 9.65239 0.17896 0 -3.27569
 0.27 0 9.66239 0.162754 0 -3.29421
 0.27 0 9.67239 0.143976 0 -3.31193
 0.27 0 9.68239 0.124898 0 -3.32856
 0.27 0 9.69239 0.105522 0 -3.34409
 0.27 0 9.70239 0.0887839 0 -3.35365
 0.27 0 9.71239 0.0727207 0 -3.36071
 0.27 0 9.72239 0.0562795 0 -3.36705
 0.27 0 9.73239 0.0394605 0 -3.37267
 0.27 0 9.74239 0.0222637 0 -3.37756
 0.27 0 9.75239 0.00527601 0 -3.382
 0.27 0 9.76239 -0.0121591 0 -3.38589
 0.27 0 9.77239 -0.023041 0 -3.38578
 0.27 0 9.78239 -0.041264 0 -3.37826
 0.27 0 9.79239 -0.0589808 0 -3.37024
 0.27 0 9.80239 -0.0761014 0 -3.36186
 0.27 0 9.81239 -0.0927926 0 -3.35409
 0.27 0 9.82239 -0.108939 0 -3.34578
 0.27 0 9.83239 -0.124541 0 -3.33693
 0.27 0 9.84239 -0.139598 0 -3.32753
 0.27 0 9.85239 -0.162323 0 -3.31144
 0.27 0 9.86239 -0.18524 0 -3.29328
 0.27 0 9.87239 -0.200199 0 -3.27198
 0.27 0 9.88239 -0.214562 0 -3.24955
 0.27 0 9.89239 -0.228329 0 -3.22599
 0.27 0 9.90239 -0.2415 0 -3.2013
 0.27 0 9.91239 -0.251267 0 -3.17377
 0.27 0 9.92239 -0.25632 0 -3.14143
 0.27 0 9.93239 -0.262099 0 -3.10707
 0.27 0 9.94239 -0.268603 0 -3.0707
 0.27 0 9.95239 -0.276962 0 -3.03183
 0.27 0 9.96239 -0.299431 0 -2.98347
 0.27 0 9.97239 -0.286413 0 -2.92605
 0.27 0 9.98239 -0.272061 0 -2.86617
 0.27 0 9.99239 -0.256376 0 -2.80382
 0.27 0 10.0024 -0.239358 0 -2.73901
 0.27 0 10.0124 -0.220881 0 -2.67794
 0.27 0 10.0224 -0.156655 0 -2.62623
 0.27 0 10.0324 -0.0906791 0 -2.51482
 0.27 0 10.0424 -0.0307773 0 -2.38697
 0.27 0 10.0524 0.0230504 0 -2.24267
 0.27 0 10.0624 0.0708039 0 -2.08193
 0.28 0 9.46239 0.144284 0 -2.05299
 0.28 0 9.47239 0.128306 0 -2.18775
 0.28 0 9.48239 0.155416 0 -2.339
 0.28 0 9.49239 0.219161 0 -2.47975
 0.28 0 9.50239 0.278014 0 -2.58661
 0.28 0 9.51239 0.290495 0 -2.67074
 0.28 0 9.52239 0.269301 0 -2.75501
 0.28 0 9.53239 0.272548 0 -2.82705
 0.28 0 9.54239 0.296979 0 -2.88547
 0.28 0 9.55239 0.319586 0 -2.94105
 0.28 0 9.56239 0.312015 0 -2.98882
 0.28 0 9.57239 0.294535 0 -3.03452
 0.28 0 9.58239 0.277201 0 -3.08023
 0.28 0 9.59239 0.260014 0 -3.12597
 0.28 0 9.60239 0.249194 0 -3.16536
 0.28 0 9.61239 0.243123 0 -3.19693
 0.28 0 9.62239 0.239186 0 -3.22501
 0.28 0 9.63239 0.224374 0 -3.24753
 0.28 0 9.64239 0.209527 0 -3.26867
 0.28 0 9.65239 0.19102 0 -3.28909
 0.28 0 9.66239 0.172051 0 -3.30844
 0.28 0 9.67239 0.152782 0 -3.3267
 0.28 0 9.68239 0.133215 0 -3.34387
 0.28 0 9.69239 0.113348 0 -3.35996
 0.28 0 9.70239 0.0956889 0 -3.37057
 0.28 0 9.71239 0.0791339 0 -3.37782
 0.28 0 9.72239 0.0622011 0 -3.38435
 0.28 0 9.73239 0.0448904 0 -3.39017
 0.28 0 9.74239 0.0272019 0 -3.39526
 0.28 0 9.75239 0.00913542 0 -3.39963
 0.28 0 9.76239 -0.00930889 0 -3.40328
 0.28 0 9.77239 -0.0281652 0 -3.40243
 0.28 0 9.78239 -0.0465696 0 -3.39589
 0.28 0 9.79239 -0.0644294 0 -3.38882
 0.28 0 9.80239 -0.0817446 0 -3.38121
 0.28 0 9.81239 -0.0985153 0 -3.37305
 0.28 0 9.82239 -0.114741 0 -3.36436
 0.28 0 9.83239 -0.130423 0 -3.35513
 0.28 0 9.84239 -0.146439 0 -3.34466
 0.28 0 9.85239 -0.170584 0 -3.32688
 0.28 0 9.86239 -0.194614 0 -3.30843
 0.28 0 9.87239 -0.217745 0 -3.28903
 0.28 0 9.88239 -0.232851 0 -3.26594
 0.28 0 9.89239 -0.24736 0 -3.24171
 0.28 0 9.90239 -0.261273 0 -3.21636
 0.28 0 9.91239 -0.27142 0 -3.18826
 0.28 0 9.92239 -0.277381 0 -3.15609
 0.28 0 9.93239 -0.284067 0 -3.12191
 0.28 0 9.94239 -0.293178 0 -3.08472
 0.28 0 9.95239 -0.319258 0 -3.03695
 0.28 0 9.96239 -0.344889 0 -2.98968
 0.28 0 9.97239 -0.337786 0 -2.93431
 0.28 0 9.98239 -0.322996 0 -2.87502
 0.28 0 9.99239 -0.306873 0 -2.81326
 0.28 0 10.0024 -0.289416 0 -2.74904
 0.28 0 10.0124 -0.288375 0 -2.67126
 0.28 0 10.0224 -0.268063 0 -2.57172
 0.28 0 10.0324 -0.21021 0 -2.45444
 0.28 0 10.0424 -0.158699 0 -2.32079
 0.28 0 10.0524 -0.113531 0 -2.17079
 0.28 0 10.0624 -0.0901366 0 -2.01685
 0.29 0 9.46239 0.299686 0 -2.06266
 0.29 0 9.47239 0.286184 0 -2.1968
 0.29 0 9.48239 0.270281 0 -2.33011
 0.29 0 9.49239 0.325084 0 -2.47077
 0.29 0 9.50239 0.374994 0 -2.57754
 0.29 0 9.51239 0.370611 0 -2.66104
 0.29 0 9.52239 0.347269 0 -2.74214
 0.29 0 9.53239 0.329169 0 -2.82092
 0.29 0 9.54239 0.339305 0 -2.88545
 0.29 0 9.55239 0.362475 0 -2.94021
 0.29 0 9.56239 0.348209 0 -2.986
 0.29 0 9.57239 0.330939 0 -3.03117
 0.29 0 9.58239 0.313816 0 -3.07636
 0.29 0 9.59239 0.296839 0 -3.12156
 0.29 0 9.60239 0.280008 0 -3.16678
 0.29 0 9.61239 0.264516 0 -3.21016
 0.29 0 9.62239 0.256301 0 -3.23853
 0.29 0 9.63239 0.23941 0 -3.26146
 0.29 0 9.64239 0.220548 0 -3.28353
 0.29 0 9.65239 0.201388 0 -3.30452
 0.29 0 9.66239 0.181928 0 -3.32442
 0.29 0 9.67239 0.162169 0 -3.34323
 0.29 0 9.68239 0.142111 0 -3.36095
 0.29 0 9.69239 0.121754 0 -3.37758
 0.29 0 9.70239 0.103175 0 -3.38931
 0.29 0 9.71239 0.0861283 0 -3.39676
 0.29 0 9.72239 0.0687038 0 -3.40349
 0.29 0 9.73239 0.0509014 0 -3.4095
 0.29 0 9.74239 0.0327211 0 -3.41479
 0.29 0 9.75239 0.014163 0 -3.41936
 0.29 0 9.76239 -0.00771765 0 -3.42218
 0.29 0 9.77239 -0.03032 0 -3.42181
 0.29 0 9.78239 -0.0530996 0 -3.41742
 0.29 0 9.79239 -0.071039 0 -3.40997
 0.29 0 9.80239 -0.0884337 0 -3.40198
 0.29 0 9.81239 -0.105284 0 -3.39344
 0.29 0 9.82239 -0.121589 0 -3.38437
 0.29 0 9.83239 -0.13735 0 -3.37476
 0.29 0 9.84239 -0.155674 0 -3.36203
 0.29 0 9.85239 -0.179834 0 -3.34364
 0.29 0 9.86239 -0.203879 0 -3.32458
 0.29 0 9.87239 -0.227808 0 -3.30485
 0.29 0 9.88239 -0.251137 0 -3.28425
 0.29 0 9.89239 -0.266389 0 -3.25936
 0.29 0 9.90239 -0.281045 0 -3.23334
 0.29 0 9.91239 -0.291586 0 -3.20477
 0.29 0 9.92239 -0.298454 0 -3.17278
 0.29 0 9.93239 -0.308248 0 -3.13707
 0.29 0 9.94239 -0.333483 0 -3.08887
 0.29 0 9.95239 -0.358268 0 -3.04118
 0.29 0 9.96239 -0.382603 0 -2.99399
 0.29 0 9.97239 -0.385463 0 -2.94164
 0.29 0 9.98239 -0.370234 0 -2.88294
 0.29 0 9.99239 -0.353672 0 -2.82176
 0.29 0 10.0024 -0.349943 0 -2.74984
 0.29 0 10.0124 -0.372181 0 -2.66115
 0.29 0 10.0224 -0.372307 0 -2.56501
 0.29 0 10.0324 -0.321183 0 -2.44844
 0.29 0 10.0424 -0.276402 0 -2.31553
 0.29 0 10.0524 -0.238295 0 -2.16638
 0.29 0 10.0624 -0.239573 0 -2.02505
 0.3 0 9.46239 0.435602 0 -2.06822
 0.3 0 9.47239 0.424577 0 -2.20173
 0.3 0 9.48239 0.41115 0 -2.33441
 0.3 0 9.49239 0.424233 0 -2.46628
 0.3 0 9.50239 0.465198 0 -2.57294
 0.3 0 9.51239 0.445809 0 -2.65412
 0.3 0 9.52239 0.420318 0 -2.73206
 0.3 0 9.53239 0.40007 0 -2.80767
 0.3 0 9.54239 0.385064 0 -2.88095
 0.3 0 9.55239 0.396978 0 -2.93776
 0.3 0 9.56239 0.379772 0 -2.98238
 0.3 0 9.57239 0.362713 0 -3.02702
 0.3 0 9.58239 0.3458 0 -3.07168
 0.3 0 9.59239 0.329311 0 -3.11688
 0.3 0 9.60239 0.31526 0 -3.1677
 0.3 0 9.61239 0.300339 0 -3.21881
 0.3 0 9.62239 0.269726 0 -3.2576
 0.3 0 9.63239 0.251337 0 -3.27756
 0.3 0 9.64239 0.231985 0 -3.30018
 0.3 0 9.65239 0.212334 0 -3.32172
 0.3 0 9.66239 0.192385 0 -3.34217
 0.3 0 9.67239 0.172136 0 -3.36152
 0.3 0 9.68239 0.151588 0 -3.37979
 0.3 0 9.69239 0.130741 0 -3.39696
 0.3 0 9.70239 0.111242 0 -3.40989
 0.3 0 9.71239 0.0937038 0 -3.41753
 0.3 0 9.72239 0.0757876 0 -3.42446
 0.3 0 9.73239 0.0574935 0 -3.43066
 0.3 0 9.74239 0.0368558 0 -3.43568
 0.3 0 9.75239 0.0142448 0 -3.43919
 0.3 0 9.76239 -0.00774448 0 -3.44163
 0.3 0 9.77239 -0.0304259 0 -3.44099
 0.3 0 9.78239 -0.0543487 0 -3.43734
 0.3 0 9.79239 -0.0785331 0 -3.43248
 0.3 0 9.80239 -0.0961687 0 -3.42417
 0.3 0 9.81239 -0.113098 0 -3.41525
 0.3 0 9.82239 -0.129483 0 -3.4058
 0.3 0 9.83239 -0.145324 0 -3.39581
 0.3 0 9.84239 -0.165899 0 -3.38072
 0.3 0 9.85239 -0.190073 0 -3.36171
 0.3 0 9.86239 -0.214132 0 -3.34204
 0.3 0 9.87239 -0.238077 0 -3.3217
 0.3 0 9.88239 -0.261905 0 -3.30069
 0.3 0 9.89239 -0.285417 0 -3.27892
 0.3 0 9.90239 -0.300816 0 -3.25224
 0.3 0 9.91239 -0.311764 0 -3.22328
 0.3 0 9.92239 -0.322173 0 -3.18888
 0.3 0 9.93239 -0.346563 0 -3.14027
 0.3 0 9.94239 -0.370503 0 -3.09215
 0.3 0 9.95239 -0.393993 0 -3.04453
 0.3 0 9.96239 -0.417032 0 -2.99742
 0.3 0 9.97239 -0.429442 0 -2.94804
 0.3 0 9.98239 -0.413775 0 -2.88992
 0.3 0 9.99239 -0.407694 0 -2.82344
 0.3 0 10.0024 -0.428064 0 -2.74092
 0.3 0 10.0124 -0.453038 0 -2.6549
 0.3 0 10.0224 -0.472054 0 -2.56332
 0.3 0 10.0324 -0.427659 0 -2.44748
 0.3 0 10.0424 -0.389607 0 -2.31529
 0.3 0 10.0524 -0.37854 0 -2.17245
 0.3 0 10.0624 -0.380078 0 -2.03151
